1.364000 5.692316435197196e+02
1.366000 5.492218501406355e+02
1.368000 5.292128652376833e+02
1.370000 5.092046553544416e+02
1.372000 4.891971870344890e+02
1.374000 4.691904268214046e+02
1.376000 4.491843412587669e+02
1.378000 4.291788968901545e+02
1.380000 4.091740602591465e+02
1.382000 3.891697979093213e+02
1.384000 3.691660763842578e+02
1.386000 3.491628622275347e+02
1.388000 3.291601219827306e+02
1.390000 3.091578221934245e+02
1.392000 2.891559294031949e+02
1.394000 2.691544101556206e+02
1.396000 2.491532309942803e+02
1.398000 2.291523584627528e+02
1.400000 2.091517591046167e+02
1.402000 1.891513994634509e+02
1.404000 1.691512460828341e+02
1.406000 1.491512655063449e+02
1.408000 1.291514242775622e+02
1.410000 1.091516889400646e+02
1.412000 8.915202603743083e+01
1.414000 6.915240211323972e+01
1.416000 4.915278918007512e+01
1.418000 2.915318112654162e+01
1.420000 9.153577310249084e+00
1.422000 -1.084602291119277e+01
1.424000 -3.084562018017406e+01
1.426000 -5.084521513908509e+01
1.428000 -7.084480843031601e+01
1.430000 -9.084440069625704e+01
1.432000 -1.108439925792983e+02
1.434000 -1.308435847218302e+02
1.436000 -1.508431777662427e+02
1.438000 -1.708427723549261e+02
1.440000 -1.908423691302708e+02
1.442000 -2.108419687346667e+02
1.444000 -2.308415718105041e+02
1.446000 -2.508411790001734e+02
1.448000 -2.708407909460645e+02
1.450000 -2.908404082905678e+02
1.452000 -3.108400316760735e+02
1.454000 -3.308396617449717e+02
1.456000 -3.508392991396527e+02
1.458000 -3.708389445025067e+02
1.460000 -3.908385984759240e+02
1.462000 -4.108382617022944e+02
