2.220000 7.055899809526833e+02
2.240000 4.574676759400048e+02
2.260000 2.953698430420909e+02
2.280000 1.938473976399636e+02
2.300000 1.330824200269445e+02
2.320000 9.818266792329273e+01
2.340000 7.847608899084439e+01
2.360000 6.680533334765137e+01
2.380000 5.882226608262027e+01
2.400000 5.228247977015116e+01
2.420000 4.633980698477681e+01
2.440000 4.084672553959647e+01
2.460000 3.580797454338588e+01
2.480000 3.122309022819126e+01
2.500000 2.708215259559896e+01
2.520000 2.336742478680036e+01
2.540000 2.005499245265673e+01
2.560000 1.711640312376407e+01
2.580000 1.452030558051808e+01
2.600000 1.223408922317896e+01
2.620000 1.022552344193631e+01
2.640000 8.464380528797717e+00
2.660000 6.923630676894937e+00
2.680000 5.579550740157340e+00
2.700000 4.411405080402933e+00
2.720000 3.401109956253105e+00
2.740000 2.532897912047364e+00
2.760000 1.792982166758087e+00
2.780000 1.169221002905259e+00
2.800000 6.507821554712155e-01
2.820000 2.278072008153906e-01
2.840000 -1.089211036632233e-01
2.860000 -3.682347604229084e-01
2.880000 -5.586417233265704e-01
2.900000 -6.883103697483862e-01
2.920000 -7.650510219327292e-01
2.940000 -7.962974683530989e-01
2.960000 -7.890884850710438e-01
2.980000 -7.500493570950918e-01
3.000000 -6.853733997396740e-01
3.020000 -6.008034799840541e-01
3.040000 -5.016136962069513e-01
3.060000 -3.925951756893052e-01
3.080000 -2.780523249130889e-01
3.100000 -1.618031976282611e-01
3.120000 -4.718002129541795e-02
3.140000 6.297027647155726e-02
3.160000 1.662855414628438e-01
3.180000 2.608878664300321e-01
3.200000 3.453830646434733e-01
3.220000 4.188601434496294e-01
3.240000 4.808901514045076e-01
3.260000 5.315087383853221e-01
3.280000 5.711573717238059e-01
3.300000 6.006082653177518e-01
3.320000 6.208886823186361e-01
3.340000 6.332052378192432e-01
3.360000 6.388682015412905e-01
3.380000 6.392158005230546e-01
3.400000 6.355385218069934e-01
3.420000 6.290034151273743e-01
3.440000 6.205793342382876e-01
3.460000 6.109865828918519e-01
3.480000 6.007085110822746e-01
3.500000 5.900275159401015e-01
3.520000 5.790619812668550e-01
3.540000 5.678032170696767e-01
3.560000 5.561523990959644e-01
3.580000 5.439575083680159e-01
3.600000 5.310502707176658e-01
3.620000 5.172830963209275e-01
3.640000 5.025655756525220e-01
3.660000 4.868894423575217e-01
3.680000 4.703242598356699e-01
3.700000 4.530015747428166e-01
3.720000 4.350986269122408e-01
3.740000 4.168220592759756e-01
3.760000 3.983916277861307e-01
3.780000 3.800239113362174e-01
3.800000 3.619160216824711e-01
3.820000 3.442293133651757e-01
3.840000 3.270733225307024e-01
3.860000 3.104956571721436e-01
3.880000 2.944869948171485e-01
3.900000 2.789920316343549e-01
3.920000 2.639206604405345e-01
3.940000 2.491591487077399e-01
3.960000 2.345813165704498e-01
3.980000 2.200597148327163e-01
4.000000 2.054768029753099e-01
4.020000 1.907361271628668e-01
4.040000 1.757733501312999e-01
4.060000 1.605634299621307e-01
4.080000 1.451180229543816e-01
4.100000 1.294790353833880e-01
4.120000 1.137120271398755e-01
4.140000 9.789961536903780e-02
4.160000 8.213487810961424e-02
4.180000 6.651475793296760e-02
4.200000 5.113346558216154e-02
4.220000 3.607588361103839e-02
4.240000 2.141105140167530e-02
4.260000 7.187766019684031e-03
4.280000 -6.564445957502235e-03
4.300000 -1.983224077449856e-02
4.320000 -3.261528845345927e-02
4.340000 -4.492310374956908e-02
4.360000 -5.677187710653419e-02
4.380000 -6.818130561207326e-02
4.400000 -7.917142395340857e-02
4.420000 -8.975943537275707e-02
4.440000 -9.995658219442845e-02
4.460000 -1.097660452137053e-01
4.480000 -1.191834548117853e-01
4.500000 -1.281984309325058e-01
4.520000 -1.367961626306750e-01
4.540000 -1.449589876204030e-01
4.560000 -1.526679718234341e-01
4.580000 -1.599044889174770e-01
4.600000 -1.666517998845370e-01
4.620000 -1.728966325592469e-01
4.640000 -1.786307364954192e-01
4.660000 -1.838517961063330e-01
4.680000 -1.885627148075796e-01
4.700000 -1.927702574336436e-01
4.720000 -1.964836679727036e-01
4.740000 -1.997132873014337e-01
4.760000 -2.024691709198051e-01
4.780000 -2.047597066858875e-01
4.800000 -2.065902325506493e-01
4.820000 -2.079616542927606e-01
4.840000 -2.088690914095008e-01
4.860000 -2.093012550664718e-01
4.880000 -2.092416843504242e-01
4.900000 -2.086707145808883e-01
4.920000 -2.075674737779114e-01
4.940000 -2.059118791297959e-01
4.960000 -2.036866334608377e-01
4.980000 -2.008792216990632e-01
5.000000 -1.974839073439680e-01
5.020000 -1.935037289342546e-01
5.040000 -1.889524596470070e-01
5.060000 -1.838556083142206e-01
5.080000 -1.782489871141564e-01
5.100000 -1.721763206800505e-01
5.120000 -1.656868183402605e-01
5.140000 -1.588327463584113e-01
5.160000 -1.516670001735416e-01
5.180000 -1.442406766402501e-01
5.200000 -1.366006462688414e-01
5.220000 -1.287871254654726e-01
5.240000 -1.208312931158431e-01
5.260000 -1.127540601010311e-01
5.280000 -1.045677654872367e-01
5.300000 -9.627902564767264e-02
5.320000 -8.789162772799727e-02
5.340000 -7.940942311174848e-02
5.360000 -7.083922088577750e-02
5.380000 -6.219368130568260e-02
5.400000 -5.349420926124270e-02
5.420000 -4.477384774185121e-02
5.440000 -3.608011249204949e-02
5.460000 -2.747629760965341e-02
5.480000 -1.903889969046259e-02
5.500000 -1.085351291556285e-02
5.520000 -3.010665328728214e-03
5.540000 4.398344886176892e-03
5.560000 1.128561312779555e-02
5.580000 1.757079209987623e-02
5.600000 2.318525553387069e-02
5.620000 2.807626191153183e-02
5.640000 3.221105685170864e-02
5.660000 3.557938076626323e-02
5.680000 3.819192835299043e-02
5.700000 4.007721335765956e-02
5.720000 4.127837200025319e-02
5.740000 4.184996640120599e-02
5.760000 4.185478800764334e-02
5.780000 4.136066101962024e-02
5.800000 4.043724581636006e-02
5.820000 3.915284238249325e-02
5.840000 3.757122629165914e-02
5.860000 3.574933118154383e-02
5.880000 3.373708001487200e-02
5.900000 3.157806283183493e-02
5.920000 2.931024705988130e-02
5.940000 2.696668782350829e-02
5.960000 2.457623825405247e-02
5.980000 2.216425979948074e-02
6.000000 1.975333253418129e-02
6.020000 1.736396546875453e-02
6.040000 1.501529824299195e-02
6.060000 1.272557878174029e-02
6.080000 1.051207224116684e-02
6.100000 8.390745917910149e-03
6.120000 6.375945541418536e-03
6.140000 4.480071566288673e-03
6.160000 2.713255464604128e-03
6.180000 1.083036018273920e-03
6.200000 -4.059643886289261e-04
6.220000 -1.752363477528828e-03
6.240000 -2.958334096027551e-03
6.260000 -4.029693377064202e-03
6.280000 -4.975418557293873e-03
6.300000 -5.806936933946368e-03
6.320000 -6.537407134703390e-03
6.340000 -7.181000387575728e-03
6.360000 -7.752181790780446e-03
6.380000 -8.264991582618066e-03
6.400000 -8.732326411349769e-03
6.420000 -9.165220605074569e-03
6.440000 -9.572137297368173e-03
6.460000 -9.958515802725290e-03
6.480000 -1.032696947227217e-02
6.500000 -1.067773979928258e-02
6.520000 -1.100916038045552e-02
6.540000 -1.131812087719282e-02
6.560000 -1.160053097687683e-02
6.580000 -1.185178435414812e-02
6.600000 -1.206722263218305e-02
6.620000 -1.224259934397154e-02
6.640000 -1.237453837943508e-02
6.660000 -1.246084906439661e-02
6.680000 -1.250047730501980e-02
6.700000 -1.249331336410024e-02
6.720000 -1.243999412319683e-02
6.740000 -1.234170534476339e-02
6.760000 -1.219998393428011e-02
6.780000 -1.201652020238509e-02
6.800000 -1.179296012700581e-02
6.820000 -1.153070761549072e-02
6.840000 -1.123073057639052e-02
6.860000 -1.089346604213546e-02
6.880000 -1.051897672860219e-02
6.900000 -1.010720664557660e-02
6.920000 -9.658240516866408e-03
6.940000 -9.172563200413797e-03
6.960000 -8.651319108408077e-03
6.980000 -8.096571627398288e-03
7.000000 -7.511562538405856e-03
7.020000 -6.900971437037204e-03
7.040000 -6.271168076313626e-03
7.060000 -5.630280700148989e-03
7.080000 -4.987797276164306e-03
7.100000 -4.353982719150159e-03
7.120000 -3.739289037246319e-03
7.140000 -3.153765478121409e-03
7.160000 -2.606468675152541e-03
7.180000 -2.104872793604961e-03
7.200000 -1.654279676811680e-03
7.220000 -1.257228992353129e-03
7.240000 -9.129203277140847e-04
7.260000 -6.169459723501517e-04
7.280000 -3.618123652553986e-04
7.300000 -1.377722289395469e-04
7.320000 6.633134711754745e-05
7.340000 2.622208230114166e-04
7.360000 4.613401249585007e-04
7.380000 6.740105618416680e-04
7.400000 9.085867417557357e-04
7.420000 1.170612488552991e-03
7.440000 1.461990297434695e-03
7.460000 1.780502805738110e-03
7.480000 2.120227840758363e-03
7.500000 2.472305482765826e-03
7.520000 2.825718667069494e-03
7.540000 3.168073786080353e-03
7.560000 3.486381291374754e-03
7.580000 3.767836295757783e-03
7.600000 4.000599175326637e-03
7.620000 4.174576171533989e-03
7.640000 4.282190779956508e-03
7.660000 4.318915593396929e-03
7.680000 4.283196067525200e-03
7.700000 4.176134740853197e-03
7.720000 4.001166241414560e-03
7.740000 3.763732293444553e-03
7.760000 3.470956724059902e-03
7.780000 3.131320469938645e-03
7.800000 2.754336583999984e-03
7.820000 2.350225242084127e-03
7.840000 1.929589307665843e-03
7.860000 1.503104405444432e-03
7.880000 1.081245825158414e-03
7.900000 6.740299342766336e-04
7.920000 2.907561487230787e-04
7.940000 -6.025109639831553e-05
7.960000 -3.719003760788495e-04
7.980000 -6.385913046802501e-04
8.000000 -8.564725652098543e-04
8.020000 -1.023699938595803e-03
8.040000 -1.140688343634068e-03
8.060000 -1.210208154403514e-03
8.080000 -1.237086222022834e-03
8.100000 -1.227751173875506e-03
8.120000 -1.189772723506603e-03
8.140000 -1.131400980519591e-03
8.160000 -1.061105760473137e-03
8.180000 -9.871158947779115e-04
8.200000 -9.169585405933896e-04
8.220000 -8.569984907246615e-04
8.240000 -8.119833533748125e-04
8.260000 -7.847413481424378e-04
8.280000 -7.762665124875517e-04
8.300000 -7.859565244426294e-04
8.320000 -8.118563951792277e-04
8.340000 -8.509021615746077e-04
8.360000 -8.991645787783560e-04
8.380000 -9.520928127790073e-04
8.400000 -1.004758132970666e-03
8.420000 -1.052097604719626e-03
8.440000 -1.089156947947060e-03
8.460000 -1.111311712129313e-03
8.480000 -1.114433408358300e-03
8.500000 -1.095033957819518e-03
8.520000 -1.050409306286115e-03
8.540000 -9.787830386129681e-04
8.560000 -8.794499932307494e-04
8.580000 -7.529198766400042e-04
8.600000 -6.010608779052191e-04
8.620000 -4.272432831488983e-04
8.640000 -2.364771053778854e-04
8.660000 -3.539411294828769e-05
8.680000 1.681651300408758e-04
8.700000 3.657198247154311e-04
8.720000 5.487234830615530e-04
8.740000 7.091384735612713e-04
8.760000 8.400105668279726e-04
8.780000 9.360434812419098e-04
8.800000 9.941734285856998e-04
8.820000 1.014143659679835e-03
8.840000 9.990661858009185e-04
8.860000 9.556500704510721e-04
8.880000 8.935833227879549e-04
8.900000 8.245813614059505e-04
8.920000 7.614226539000778e-04
8.940000 7.169843564299102e-04
8.960000 7.032779532834892e-04
8.980000 7.304848964412426e-04
9.000000 8.059922451398987e-04
9.020000 9.334283054364034e-04
9.040000 1.111716860376933e-03
9.060000 1.334614755898440e-03
9.080000 1.591476466666637e-03
9.100000 1.868502017646531e-03
9.120000 2.150003496278041e-03
9.140000 2.419671564651629e-03
9.160000 2.661841971683930e-03
9.180000 2.862762065293374e-03
9.200000 3.011857304575806e-03
9.220000 3.102997771980127e-03
9.240000 3.135741024932341e-03
9.260000 3.115959773118912e-03
9.280000 3.054907959366727e-03
9.300000 2.967671666182348e-03
9.320000 2.871596361739696e-03
9.340000 2.784714145867722e-03
9.360000 2.724170996038088e-03
9.380000 2.704654013352853e-03
9.400000 2.736818668532145e-03
9.420000 2.825716047901844e-03
9.440000 2.969251962643648e-03
9.460000 3.157474502867221e-03
9.480000 3.373964566999960e-03
9.500000 3.598054835998864e-03
9.520000 3.807080610824783e-03
9.540000 3.978630649916682e-03
9.560000 4.092798006665888e-03
9.580000 4.134430866890352e-03
9.600000 4.095383386308896e-03
9.620000 3.976766528015483e-03
9.640000 3.791143087442252e-03
9.660000 3.563271592031211e-03
9.680000 3.327166575166260e-03
9.700000 3.121707724813813e-03
9.720000 2.986193219652221e-03
9.740000 2.955893065201190e-03
9.760000 3.057602429951192e-03
9.780000 3.305194981492897e-03
9.800000 3.695176222646569e-03
9.820000 4.202236827591507e-03
9.840000 4.774879908546745e-03
9.860000 5.332970476785525e-03
9.880000 5.770164320035518e-03
9.900000 5.958259074212834e-03
9.920000 5.751619225707332e-03
9.940000 4.991601113667953e-03
9.960000 3.510977932288017e-03
9.980000 1.138364733090553e-03
10.000000 -2.297356572786391e-03
10.020000 -6.962612212304434e-03
