short_range 2 0.02
1 1
0.82 9.00
129989001.427739
95028958.388721
69985298.747703
51905328.998123
38755564.080837
29123591.340193
22020368.675818
16747911.285293
12809957.701015
9851144.238285
7615254.871900
5916341.893475
4618600.765148
3622245.217831
2853525.508598
2257627.925889
1793591.728677
1430648.013705
1145567.165260
920726.089120
742692.168388
601180.286267
488280.685841
397884.499925
325254.294838
266701.530056
219343.226000
180917.587696
149643.709442
124114.383707
103213.877035
86054.613954
71928.237895
60267.646689
50617.437194
42610.817154
35951.508679
30399.517877
25759.909136
21873.922253
18611.922264
15867.787413
13554.429133
11600.205682
9946.043381
8543.119685
7350.993599
6336.093258
5470.489399
4730.898287
4097.869258
3555.121154
3088.999161
2688.029206
2342.551607
2044.419244
1786.748374
1563.712492
1370.371462
1202.529610
1056.617648
929.594239
818.863794
722.207693
637.726642
563.792279
499.006477
442.167062
392.238888
348.329393
309.667915
275.588150
245.513266
218.943246
195.444107
174.638714
156.198931
139.838911
125.309355
112.392583
100.898309
90.660007
81.531783
73.385679
66.109349
59.604051
53.782911
48.569415
43.896111
39.703472
35.938918
32.555960
29.513454
26.774955
24.308149
22.084359
20.078116
18.266777
16.630195
15.150431
13.811494
12.599123
11.500586
10.504508
9.600718
8.780115
8.034551
7.356720
6.740074
6.178732
5.667414
5.201375
4.776345
4.388483
4.034328
3.710761
3.414969
3.144413
2.896800
2.670058
2.462314
2.271873
2.097199
1.936903
1.789723
1.654517
1.530247
1.415971
1.310832
1.214052
1.124924
1.042802
0.967100
0.897283
0.832864
0.773398
0.718480
0.667738
0.620834
0.577459
0.537330
0.500188
0.465796
0.433938
0.404413
0.377041
0.351653
0.328097
0.306231
0.285926
0.267064
0.249535
0.233239
0.218083
0.203983
0.190859
0.178640
0.167259
0.156656
0.146772
0.137557
0.128962
0.120943
0.113458
0.106469
0.099942
0.093844
0.088144
0.082816
0.077833
0.073171
0.068809
0.064725
0.060901
0.057319
0.053963
0.050818
0.047869
0.045104
0.042510
0.040076
0.037791
0.035646
0.033632
0.031739
0.029961
0.028290
0.026718
0.025240
0.023850
0.022542
0.021311
0.020152
0.019060
0.018032
0.017064
0.016151
0.015290
0.014479
0.013714
0.012992
0.012311
0.011669
0.011062
0.010489
0.009948
0.009437
0.008954
0.008497
0.008066
0.007658
0.007272
0.006907
0.006561
0.006235
0.005925
0.005632
0.005355
0.005092
0.004843
0.004607
0.004384
0.004172
0.003971
0.003781
0.003600
0.003428
0.003266
0.003111
0.002965
0.002826
0.002693
0.002568
0.002449
0.002335
0.002228
0.002125
0.002028
0.001935
0.001847
0.001764
0.001684
0.001608
0.001536
0.001468
0.001402
0.001340
0.001281
0.001224
0.001170
0.001119
0.001070
0.001024
0.000979
0.000937
0.000897
0.000858
0.000821
0.000786
0.000753
0.000721
0.000691
0.000662
0.000634
0.000607
0.000582
0.000558
0.000535
0.000513
0.000492
0.000471
0.000452
0.000434
0.000416
0.000399
0.000383
0.000368
0.000353
0.000339
0.000325
0.000312
0.000300
0.000288
0.000277
0.000266
0.000255
0.000245
0.000236
0.000227
0.000218
0.000209
0.000201
0.000194
0.000186
0.000179
0.000172
0.000166
0.000159
0.000153
0.000148
0.000142
0.000137
0.000132
0.000127
0.000122
0.000118
0.000113
0.000109
0.000105
0.000101
0.000098
0.000094
0.000091
0.000087
0.000084
0.000081
0.000078
0.000075
0.000073
0.000070
0.000068
0.000065
0.000063
0.000061
0.000059
0.000057
0.000055
0.000053
0.000051
0.000049
0.000047
0.000046
0.000044
0.000043
0.000041
0.000040
0.000038
0.000037
0.000036
0.000035
0.000034
0.000032
0.000031
0.000030
0.000029
0.000028
0.000027
0.000026
0.000026
0.000025
0.000024
0.000023
0.000022
0.000022
0.000021
0.000020
0.000020
0.000019
0.000018
0.000018
0.000017
0.000017
0.000016
0.000016
0.000015
0.000015
0.000014
0.000014
0.000013
0.000013
0.000012
0.000012
0.000012
0.000011
0.000011
0.000011
0.000010
0.000010
0.000010
0.000009
0.000009
0.000009
0.000009
0.000008
0.000008
0.000008
0.000008
0.000007
0.000007
0.000007
0.000007
0.000006
0.000006
0.000006
0.000006
0.000006
0.000006
0.000005
0.000005
0.000005
0.000005
0.000005
0.000005
0.000005
0.000004
0.000004
0.000004
0.000004
0.000004
0.000004
2 2
2.00 9.00
16865.041007
12755.043346
9673.017191
7355.346011
5607.655804
4286.204169
3284.383494
2522.902718
1942.623420
1499.317104
1159.817277
899.187145
698.629016
543.936909
424.348134
331.688694
259.735683
203.740351
160.070455
125.941398
92.105842
81.370912
70.038656
58.885625
48.457804
39.108626
31.027881
24.270626
18.786084
14.446559
11.076339
8.480600
6.474041
4.902332
3.645327
2.613106
1.741733
0.989013
0.330255
-0.245971
-0.742071
-1.155670
-1.483812
-1.726126
-1.885367
-1.966929
-1.978311
-1.928586
-1.827868
-1.686786
-1.515949
-1.325416
-1.124170
-0.919738
-0.718183
-0.524236
-0.341435
-0.172273
-0.018331
0.119578
0.241269
0.347044
0.437550
0.513668
0.576443
0.627053
0.666762
0.696889
0.718765
0.733696
0.742925
0.747592
0.748698
0.747076
0.743400
0.738198
0.731870
0.724708
0.716911
0.708601
0.699845
0.690667
0.681067
0.671038
0.660568
0.649641
0.638243
0.626363
0.613993
0.601133
0.587788
0.573978
0.559734
0.545098
0.530127
0.514879
0.499417
0.483799
0.468079
0.452297
0.436476
0.420621
0.404712
0.388702
0.372522
0.356090
0.339315
0.322108
0.304386
0.286081
0.267150
0.247575
0.227378
0.206621
0.185400
0.163840
0.142084
0.120284
0.098595
0.077165
0.056124
0.035582
0.015614
-0.003742
-0.022483
-0.040628
-0.058217
-0.075302
-0.091935
-0.108166
-0.124032
-0.139552
-0.154715
-0.169483
-0.183790
-0.197558
-0.210703
-0.223146
-0.234822
-0.245694
-0.255757
-0.265052
-0.273674
-0.281777
-0.289556
-0.297228
-0.305010
-0.313099
-0.321646
-0.330739
-0.340380
-0.350460
-0.360744
-0.370858
-0.380316
-0.388553
-0.394967
-0.398951
-0.399936
-0.397422
-0.391023
-0.380496
-0.365783
-0.347031
-0.324572
-0.298889
-0.270582
-0.240334
-0.208872
-0.176937
-0.145244
-0.114453
-0.085128
-0.057717
-0.032551
-0.009856
0.010238
0.027683
0.042504
0.054787
0.064667
0.072318
0.077943
0.081760
0.083998
0.084891
0.084674
0.083572
0.081800
0.079556
0.077011
0.074311
0.071565
0.068843
0.066184
0.063597
0.061070
0.058579
0.056087
0.053558
0.050961
0.048272
0.045490
0.042629
0.039726
0.036830
0.033999
0.031296
0.028781
0.026509
0.024524
0.022855
0.021508
0.020467
0.019696
0.019141
0.018740
0.018424
0.018123
0.017774
0.017322
0.016727
0.015970
0.015054
0.014001
0.012851
0.011652
0.010459
0.009329
0.008312
0.007451
0.006775
0.006296
0.006003
0.005866
0.005843
0.005882
0.005928
0.005925
0.005825
0.005588
0.005189
0.004626
0.003916
0.003098
0.002224
0.001355
0.000559
-0.000101
-0.000565
-0.000786
-0.000733
-0.000397
0.000206
0.001041
0.002054
0.003181
0.004351
0.005493
0.006541
0.007437
0.008141
0.008629
0.008903
0.008985
0.008912
0.008735
0.008510
0.008295
0.008147
0.008117
0.008241
0.008543
0.009027
0.009678
0.010468
0.011360
0.012308
0.013263
0.014174
0.014994
0.015681
0.016204
0.016542
0.016687
0.016638
0.016402
0.015995
0.015434
0.014741
0.013938
0.013047
0.012088
0.011076
0.010025
0.008946
0.007845
0.006730
0.005606
0.004477
0.003348
0.002225
0.001114
0.000022
-0.001042
-0.002067
-0.003045
-0.003966
-0.004823
-0.005608
-0.006317
-0.006948
-0.007502
-0.007983
-0.008398
-0.008756
-0.009068
-0.009346
-0.009599
-0.009840
-0.010077
-0.010316
-0.010561
-0.010812
-0.011068
-0.011321
-0.011564
-0.011788
-0.011983
-0.012137
-0.012240
-0.012281
-0.012250
-0.012139
-0.011943
-0.011655
-0.011273
-0.010796
-0.010224
-0.009559
-0.008806
-0.007971
-0.007064
-0.006104
-0.005148
-0.004329
-0.003890
-0.004218
-0.005884
-0.009676
-0.016638
bond 1 0.002
1 1
1.372 1.464
490.000000
470.000000
450.000000
430.000000
410.000000
390.000000
370.000000
350.000000
330.000000
310.000000
290.000000
270.000000
250.000000
230.000000
210.000000
190.000000
170.000000
150.000000
130.000000
110.000000
90.000000
70.000000
50.000000
30.000000
10.000000
-10.000000
-30.000000
-50.000000
-70.000000
-90.000000
-110.000000
-130.000000
-150.000000
-170.000000
-190.000000
-210.000000
-230.000000
-250.000000
-270.000000
-290.000000
-310.000000
-330.000000
-350.000000
-370.000000
-390.000000
-410.000000
-430.000000
angle 0 0.0
dihedral 0 0.0
