short_range 2 0.02
1 1
2.38 9.00
125.941398
92.105842
81.370912
70.038656
58.885625
48.457804
39.108626
31.027881
24.270626
18.786084
14.446559
11.076339
8.480600
6.474041
4.902332
3.645327
2.613106
1.741733
0.989013
0.330255
-0.245971
-0.742071
-1.155670
-1.483812
-1.726126
-1.885367
-1.966929
-1.978311
-1.928586
-1.827868
-1.686786
-1.515949
-1.325416
-1.124170
-0.919738
-0.718183
-0.524236
-0.341435
-0.172273
-0.018331
0.119578
0.241269
0.347044
0.437550
0.513668
0.576443
0.627053
0.666762
0.696889
0.718765
0.733696
0.742925
0.747592
0.748698
0.747076
0.743400
0.738198
0.731870
0.724708
0.716911
0.708601
0.699845
0.690667
0.681067
0.671038
0.660568
0.649641
0.638243
0.626363
0.613993
0.601133
0.587788
0.573978
0.559734
0.545098
0.530127
0.514879
0.499417
0.483799
0.468079
0.452297
0.436476
0.420621
0.404712
0.388702
0.372522
0.356090
0.339315
0.322108
0.304386
0.286081
0.267150
0.247575
0.227378
0.206621
0.185400
0.163840
0.142084
0.120284
0.098595
0.077165
0.056124
0.035582
0.015614
-0.003742
-0.022483
-0.040628
-0.058217
-0.075302
-0.091935
-0.108166
-0.124032
-0.139552
-0.154715
-0.169483
-0.183790
-0.197558
-0.210703
-0.223146
-0.234822
-0.245694
-0.255757
-0.265052
-0.273674
-0.281777
-0.289556
-0.297228
-0.305010
-0.313099
-0.321646
-0.330739
-0.340380
-0.350460
-0.360744
-0.370858
-0.380316
-0.388553
-0.394967
-0.398951
-0.399936
-0.397422
-0.391023
-0.380496
-0.365783
-0.347031
-0.324572
-0.298889
-0.270582
-0.240334
-0.208872
-0.176937
-0.145244
-0.114453
-0.085128
-0.057717
-0.032551
-0.009856
0.010238
0.027683
0.042504
0.054787
0.064667
0.072318
0.077943
0.081760
0.083998
0.084891
0.084674
0.083572
0.081800
0.079556
0.077011
0.074311
0.071565
0.068843
0.066184
0.063597
0.061070
0.058579
0.056087
0.053558
0.050961
0.048272
0.045490
0.042629
0.039726
0.036830
0.033999
0.031296
0.028781
0.026509
0.024524
0.022855
0.021508
0.020467
0.019696
0.019141
0.018740
0.018424
0.018123
0.017774
0.017322
0.016727
0.015970
0.015054
0.014001
0.012851
0.011652
0.010459
0.009329
0.008312
0.007451
0.006775
0.006296
0.006003
0.005866
0.005843
0.005882
0.005928
0.005925
0.005825
0.005588
0.005189
0.004626
0.003916
0.003098
0.002224
0.001355
0.000559
-0.000101
-0.000565
-0.000786
-0.000733
-0.000397
0.000206
0.001041
0.002054
0.003181
0.004351
0.005493
0.006541
0.007437
0.008141
0.008629
0.008903
0.008985
0.008912
0.008735
0.008510
0.008295
0.008147
0.008117
0.008241
0.008543
0.009027
0.009678
0.010468
0.011360
0.012308
0.013263
0.014174
0.014994
0.015681
0.016204
0.016542
0.016687
0.016638
0.016402
0.015995
0.015434
0.014741
0.013938
0.013047
0.012088
0.011076
0.010025
0.008946
0.007845
0.006730
0.005606
0.004477
0.003348
0.002225
0.001114
0.000022
-0.001042
-0.002067
-0.003045
-0.003966
-0.004823
-0.005608
-0.006317
-0.006948
-0.007502
-0.007983
-0.008398
-0.008756
-0.009068
-0.009346
-0.009599
-0.009840
-0.010077
-0.010316
-0.010561
-0.010812
-0.011068
-0.011321
-0.011564
-0.011788
-0.011983
-0.012137
-0.012240
-0.012281
-0.012250
-0.012139
-0.011943
-0.011655
-0.011273
-0.010796
-0.010224
-0.009559
-0.008806
-0.007971
-0.007064
-0.006104
-0.005148
-0.004329
-0.003890
-0.004218
-0.005884
-0.009676
-0.016638
2 2
2.34 9.00
12.208998
7.873595
5.206206
3.897819
3.562168
3.818237
4.352676
4.931189
5.389823
5.625488
5.586470
5.262952
4.677525
3.875714
2.916486
1.862847
0.774399
-0.295121
-1.298327
-2.194610
-2.950549
-3.540334
-3.946177
-4.158734
-4.177525
-4.011324
-3.678046
-3.203317
-2.618523
-1.958850
-1.261312
-0.562789
0.101945
0.702180
1.213244
1.618438
1.910216
2.089463
2.164005
2.147104
2.055942
1.910110
1.730099
1.535786
1.344924
1.171645
1.025451
0.911405
0.830812
0.781905
0.760547
0.760918
0.776212
0.799327
0.823564
0.843306
0.854509
0.854671
0.842611
0.818229
0.782276
0.736117
0.681501
0.620319
0.554379
0.485166
0.413690
0.340509
0.265828
0.189606
0.111650
0.031727
-0.050341
-0.134573
-0.220726
-0.308192
-0.395948
-0.482608
-0.566526
-0.645903
-0.718885
-0.783672
-0.838615
-0.882327
-0.913782
-0.932417
-0.938198
-0.931579
-0.913431
-0.884963
-0.847645
-0.803132
-0.753184
-0.699594
-0.644109
-0.588349
-0.533756
-0.481572
-0.432836
-0.388394
-0.348889
-0.314767
-0.286280
-0.263479
-0.246223
-0.234172
-0.226802
-0.223436
-0.223282
-0.225473
-0.229112
-0.233309
-0.237222
-0.240096
-0.241309
-0.240405
-0.237128
-0.231405
-0.223332
-0.213148
-0.201214
-0.187988
-0.174006
-0.159861
-0.146173
-0.133576
-0.122689
-0.114090
-0.108286
-0.105687
-0.106575
-0.111079
-0.119139
-0.130485
-0.144605
-0.160716
-0.177768
-0.194502
-0.209550
-0.221527
-0.229121
-0.231193
-0.226865
-0.215617
-0.197380
-0.172626
-0.142411
-0.108278
-0.072108
-0.035977
-0.002001
0.027811
0.051705
0.068330
0.076892
0.077293
0.070215
0.057010
0.039529
0.019948
0.000589
-0.016255
-0.028496
-0.034429
-0.032904
-0.023506
-0.006643
0.016539
0.044337
0.074657
0.105196
0.133610
0.157692
0.175545
0.185757
0.187571
0.180991
0.166703
0.145934
0.120305
0.091686
0.062049
0.033318
0.007229
-0.014820
-0.031915
-0.043710
-0.050381
-0.052519
-0.051020
-0.046983
-0.041595
-0.036031
-0.031338
-0.028335
-0.027502
-0.028920
-0.032310
-0.037128
-0.042647
-0.048052
-0.052524
-0.055329
-0.055911
-0.053977
-0.049587
-0.043199
-0.035607
-0.027849
-0.021097
-0.016563
-0.015392
-0.018564
-0.026791
-0.040416
-0.059314
-0.082839
-0.109890
-0.139025
-0.168579
-0.196776
-0.221844
-0.242137
-0.256241
-0.263098
-0.262115
-0.253235
-0.236893
-0.213929
-0.185499
-0.152985
-0.117904
-0.081824
-0.046269
-0.012630
0.017917
0.044484
0.066463
0.083510
0.095511
0.102567
0.104961
0.103135
0.097669
0.089251
0.078655
0.066711
0.054272
0.042181
0.031229
0.022121
0.015440
0.011612
0.010865
0.013196
0.018334
0.025731
0.034613
0.044051
0.053049
0.060609
0.065819
0.067921
0.066396
0.061034
0.052017
0.039947
0.025785
0.010739
-0.003842
-0.016576
-0.026162
-0.031483
-0.031719
-0.026455
-0.015785
-0.000372
0.018639
0.039745
0.061226
0.081278
0.098143
0.110250
0.116343
0.115619
0.107861
0.093506
0.073571
0.049513
0.023090
-0.003780
-0.029159
-0.051230
-0.068435
-0.079617
-0.084157
-0.082055
-0.073873
-0.060611
-0.043594
-0.024347
-0.004480
0.014435
0.030981
0.044016
0.052794
0.057034
0.056884
0.052840
0.045660
0.036280
0.025732
0.015059
0.005230
-0.002942
-0.008884
-0.012313
-0.013194
-0.011673
-0.008001
-0.002461
0.004703
0.013360
0.023565
0.035635
0.050200
0.067882
0.087975
0.106749
0.115731
0.099992
0.036429
-0.107948
-0.377733
bond 0 0.0
angle 0 0.0
dihedral 0 0.0
