0.620000 8.567588480539754e-05
0.640000 -3.837152247045089e+00
0.660000 -5.100498511342976e+00
0.680000 -4.771923576441272e+00
0.700000 -3.589738532102583e+00
0.720000 -2.080804474640982e+00
0.740000 -5.927418831432412e-01
0.760000 6.738600043098886e-01
0.780000 1.633233814422434e+00
0.800000 2.282224662461940e+00
0.820000 2.668080776038210e+00
0.840000 2.856524528624139e+00
0.860000 2.907114126370697e+00
0.880000 2.867112337899418e+00
0.900000 2.772645877389058e+00
0.920000 2.650145197404316e+00
0.940000 2.517784281724576e+00
0.960000 2.386920438172637e+00
0.980000 2.263534091443452e+00
1.000000 2.149668575932850e+00
1.020000 2.044869928566281e+00
1.040000 1.947614327291455e+00
1.060000 1.856414316832734e+00
1.080000 1.770109648263771e+00
1.100000 1.687836905841899e+00
1.120000 1.608986779506425e+00
1.140000 1.533161337376935e+00
1.160000 1.460131298251581e+00
1.180000 1.389793304105386e+00
1.200000 1.322127192588542e+00
1.220000 1.257153269524705e+00
1.240000 1.194890005333712e+00
1.260000 1.135322753489311e+00
1.280000 1.078400447988787e+00
1.300000 1.024043322857606e+00
1.320000 9.721510555784719e-01
1.340000 9.226109105203836e-01
1.360000 8.753058823676982e-01
1.380000 8.301228395491870e-01
1.400000 7.869606676670969e-01
1.420000 7.457384129262082e-01
1.440000 7.064032798712288e-01
1.460000 6.689348411408580e-01
1.480000 6.333396315718691e-01
1.500000 5.996419543198627e-01
1.520000 5.678745412883529e-01
1.540000 5.380692135578569e-01
1.560000 5.102475418149798e-01
1.580000 4.844115067815032e-01
1.600000 4.605341596434728e-01
1.620000 4.385502824802847e-01
1.640000 4.183472450792228e-01
1.660000 3.997609677716750e-01
1.680000 3.825848457090008e-01
1.700000 3.665837791600784e-01
1.720000 3.515084001943011e-01
1.740000 3.371092993645742e-01
1.760000 3.231512523903114e-01
1.780000 3.094274468404313e-01
1.800000 2.957737088163547e-01
1.820000 2.820827296349998e-01
1.840000 2.683180356000227e-01
1.860000 2.545212780673634e-01
1.880000 2.408025673348033e-01
1.900000 2.273241268258307e-01
1.920000 2.142836903617470e-01
1.940000 2.018978994337764e-01
1.960000 1.903857004751711e-01
1.980000 1.799517421333207e-01
2.000000 1.707697725418585e-01
2.020000 1.629660365927697e-01
2.040000 1.566029362355742e-01
2.060000 1.516695294804615e-01
2.080000 1.480893891883850e-01
2.100000 1.457353005651078e-01
2.120000 1.444442216823246e-01
2.140000 1.440322439987832e-01
2.160000 1.443095528814062e-01
2.180000 1.450953881264121e-01
2.200000 1.462330044804375e-01
2.220000 1.476046321616581e-01
2.240000 1.491461865446904e-01
2.260000 1.508554561037648e-01
2.280000 1.527837351653588e-01
2.300000 1.550209349191028e-01
2.320000 1.576804435924645e-01
2.340000 1.608839866254345e-01
2.360000 1.647464868452111e-01
2.380000 1.693609246408856e-01
2.400000 1.747831981381270e-01
2.420000 1.810169833738671e-01
2.440000 1.879989087499908e-01
2.460000 1.955919007411493e-01
2.480000 2.035992720168892e-01
2.500000 2.117869808179048e-01
2.520000 2.199062046112954e-01
2.540000 2.277159137458227e-01
2.560000 2.350054451071687e-01
2.580000 2.416170757731921e-01
2.600000 2.474685966691864e-01
2.620000 2.525758862231368e-01
2.640000 2.570749878348426e-01
2.660000 2.612312865055211e-01
2.680000 2.654159371824819e-01
2.700000 2.700693922642829e-01
2.720000 2.756644329197515e-01
2.740000 2.826692004070046e-01
2.760000 2.915102273924710e-01
2.780000 3.025354692699108e-01
2.800000 3.159773354794373e-01
2.820000 3.319157208265373e-01
2.840000 3.502416949278785e-01
2.860000 3.706383029535558e-01
2.880000 3.926048027372236e-01
2.900000 4.154980131826668e-01
2.920000 4.385743207971589e-01
2.940000 4.610316862248189e-01
2.960000 4.820516507799698e-01
2.980000 5.008413429804954e-01
3.000000 5.166754850811985e-01
3.020000 5.289383996071582e-01
3.040000 5.371654879332390e-01
3.060000 5.410709820635464e-01
3.080000 5.405408514568962e-01
3.100000 5.356119830522298e-01
3.120000 5.264508333401823e-01
3.140000 5.133320804346483e-01
3.160000 4.966172761443506e-01
3.180000 4.767334980444059e-01
3.200000 4.541520015478933e-01
3.220000 4.293668719774199e-01
3.240000 4.028738210822091e-01
3.260000 3.751527391386827e-01
3.280000 3.466597804553082e-01
3.300000 3.178232044609427e-01
3.320000 2.890393612386962e-01
3.340000 2.606686770597941e-01
3.360000 2.330316399174416e-01
3.380000 2.064047850606857e-01
3.400000 1.810166805282789e-01
3.420000 1.570439126825422e-01
3.440000 1.346071754674486e-01
3.460000 1.137700564964304e-01
3.480000 9.454466893871639e-02
3.500000 7.689998023539371e-02
3.520000 6.077024453968928e-02
3.540000 4.606343515725157e-02
3.560000 3.266967698643215e-02
3.580000 2.046967895856743e-02
3.600000 9.343166478260322e-03
3.620000 -8.226861363382753e-04
3.640000 -1.012492735567753e-02
3.660000 -1.863920784413354e-02
3.680000 -2.642103326571193e-02
3.700000 -3.350972479292887e-02
3.720000 -3.993248375812222e-02
3.740000 -4.570845630476231e-02
3.760000 -5.085279803876319e-02
3.780000 -5.538073867979335e-02
3.800000 -5.931164671258698e-02
3.820000 -6.267309403825488e-02
3.840000 -6.550485245874070e-02
3.860000 -6.786111782305762e-02
3.880000 -6.980823516112068e-02
3.900000 -7.142065147935854e-02
3.920000 -7.277680038947183e-02
3.940000 -7.395498673719042e-02
3.960000 -7.502927123103126e-02
3.980000 -7.606535507105594e-02
4.000000 -7.711646457762872e-02
4.020000 -7.821923582017373e-02
4.040000 -7.938966738223298e-02
4.060000 -8.062084467031889e-02
4.080000 -8.188516121855567e-02
4.100000 -8.313831153711571e-02
4.120000 -8.432335209695613e-02
4.140000 -8.537476231455499e-02
4.160000 -8.622250553664770e-02
4.180000 -8.679609002496351e-02
4.200000 -8.702862994096169e-02
4.220000 -8.686090633056801e-02
4.240000 -8.624538411767839e-02
4.260000 -8.514908532561419e-02
4.280000 -8.355355887722268e-02
4.300000 -8.145370662292944e-02
4.320000 -7.885656537755777e-02
4.340000 -7.578008895714818e-02
4.360000 -7.225193021577786e-02
4.380000 -6.830822308238042e-02
4.400000 -6.399236459756505e-02
4.420000 -5.935379695043624e-02
4.440000 -5.444678760069622e-02
4.460000 -4.932915961810595e-02
4.480000 -4.406089565062518e-02
4.500000 -3.870269210991080e-02
4.520000 -3.331451144209845e-02
4.540000 -2.795413439858387e-02
4.560000 -2.267571230680447e-02
4.580000 -1.752831934102079e-02
4.600000 -1.255450479309793e-02
4.620000 -7.788845343287084e-03
4.640000 -3.256519298192170e-03
4.660000 1.027548024448660e-03
4.680000 5.058089076759194e-03
4.700000 8.838327714906554e-03
4.720000 1.237879086609732e-02
4.740000 1.569612019557373e-02
4.760000 1.881188377360982e-02
4.780000 2.175138774250760e-02
4.800000 2.454248798359323e-02
4.820000 2.721440178421318e-02
4.840000 2.979652646771760e-02
4.860000 3.231743906111081e-02
4.880000 3.480435551985708e-02
4.900000 3.728277099035332e-02
4.920000 3.977610703538929e-02
4.940000 4.230535885960745e-02
4.960000 4.488874253496320e-02
4.980000 4.754134222618475e-02
5.000000 5.027475741623329e-02
5.020000 5.309675013176293e-02
5.040000 5.601090193829452e-02
5.060000 5.901652494794696e-02
5.080000 6.210921762827561e-02
5.100000 6.528167462366852e-02
5.120000 6.852450634645590e-02
5.140000 7.182705856802024e-02
5.160000 7.517823200990577e-02
5.180000 7.856730193492836e-02
5.200000 8.198473773828525e-02
5.220000 8.542302253866493e-02
5.240000 8.887745590067946e-02
5.260000 9.234651797169052e-02
5.280000 9.583112028594117e-02
5.300000 9.933341798308050e-02
5.320000 1.028556051580118e-01
5.340000 1.063987102107403e-01
5.360000 1.099613911962205e-01
5.380000 1.135387311742045e-01
5.400000 1.171210335590897e-01
5.420000 1.206926174697663e-01
5.440000 1.242306383882064e-01
5.460000 1.277045668453211e-01
5.480000 1.310773374837291e-01
5.500000 1.343071561477938e-01
5.520000 1.373493322824010e-01
5.540000 1.401581113317373e-01
5.560000 1.426885071380679e-01
5.580000 1.448981343405149e-01
5.600000 1.467490407738349e-01
5.620000 1.482095398671971e-01
5.640000 1.492560204989695e-01
5.660000 1.498741707077034e-01
5.680000 1.500587134996242e-01
5.700000 1.498125565123226e-01
5.720000 1.491459191344517e-01
5.740000 1.480754596254254e-01
5.760000 1.466234022351163e-01
5.780000 1.448166643235537e-01
5.800000 1.426859834806215e-01
5.820000 1.402650446457564e-01
5.840000 1.375896082921005e-01
5.860000 1.346966662864835e-01
5.880000 1.316236680034313e-01
5.900000 1.284077741150040e-01
5.920000 1.250851114450887e-01
5.940000 1.216900278236924e-01
5.960000 1.182543469412343e-01
5.980000 1.148066232028392e-01
6.000000 1.113713965826299e-01
6.020000 1.079684474780200e-01
6.040000 1.046120642863841e-01
6.060000 1.013106417635354e-01
6.080000 9.806711905910025e-02
6.100000 9.487974853370022e-02
6.120000 9.174287729851165e-02
6.140000 8.864772875482492e-02
6.160000 8.558318413360416e-02
6.180000 8.253656403504628e-02
6.200000 7.949440996814081e-02
6.220000 7.644326589022898e-02
6.240000 7.337045333473308e-02
6.260000 7.026467983129875e-02
6.280000 6.711622414514000e-02
6.300000 6.391695480879750e-02
6.320000 6.066034224206641e-02
6.340000 5.734147087192450e-02
6.360000 5.395705125245995e-02
6.380000 5.050543218479948e-02
6.400000 4.698661283703608e-02
6.420000 4.340225486415723e-02
6.440000 3.975569293163299e-02
6.460000 3.605190373417397e-02
6.480000 3.229736965607306e-02
6.500000 2.849990092671683e-02
6.520000 2.466845617975717e-02
6.540000 2.081296301228299e-02
6.560000 1.694413854399192e-02
6.580000 1.307330997636195e-02
6.600000 9.212235151823194e-03
6.620000 5.372923112929506e-03
6.640000 1.567455754963427e-03
6.660000 -2.192162092194601e-03
6.680000 -5.894080415603178e-03
6.700000 -9.526653341532550e-03
6.720000 -1.307848736430406e-02
6.740000 -1.653848957512952e-02
6.760000 -1.989591589095059e-02
6.780000 -2.314041928327826e-02
6.800000 -2.626209800703218e-02
6.820000 -2.925154382938007e-02
6.840000 -3.209989097042216e-02
6.860000 -3.479888355184536e-02
6.880000 -3.734099002734693e-02
6.900000 -3.971953612102815e-02
6.920000 -4.192883847763260e-02
6.940000 -4.396433831278487e-02
6.960000 -4.582273506322893e-02
6.980000 -4.750212003706677e-02
7.000000 -4.900211006399677e-02
7.020000 -5.032398114555233e-02
7.040000 -5.147079871209390e-02
7.060000 -5.244745965539524e-02
7.080000 -5.326051040696821e-02
7.100000 -5.391787679198179e-02
7.120000 -5.442859048993458e-02
7.140000 -5.480251549532737e-02
7.160000 -5.505007457833559e-02
7.180000 -5.518197574548207e-02
7.200000 -5.520893870030932e-02
7.220000 -5.514142130405231e-02
7.240000 -5.498934882167502e-02
7.260000 -5.476191558737526e-02
7.280000 -5.446757050412336e-02
7.300000 -5.411407496266932e-02
7.320000 -5.370856354591362e-02
7.340000 -5.325760473327840e-02
7.360000 -5.276726160507842e-02
7.380000 -5.224315254689212e-02
7.400000 -5.169051195393270e-02
7.420000 -5.111425093541907e-02
7.440000 -5.051901748357619e-02
7.460000 -4.990924272299456e-02
7.480000 -4.928915182551715e-02
7.500000 -4.866276100548578e-02
7.520000 -4.803387397961648e-02
7.540000 -4.740607842687498e-02
7.560000 -4.678274244835225e-02
7.580000 -4.616701102713990e-02
7.600000 -4.556180248820563e-02
7.620000 -4.496980495826880e-02
7.640000 -4.439347285400289e-02
7.660000 -4.383502410674221e-02
7.680000 -4.329643925677597e-02
7.700000 -4.277946128414643e-02
7.720000 -4.228559546777420e-02
7.740000 -4.181610924458351e-02
7.760000 -4.137203206862743e-02
7.780000 -4.095415527021319e-02
7.800000 -4.056303191502745e-02
7.820000 -4.019897666326147e-02
7.840000 -3.986206548085115e-02
7.860000 -3.955213150569554e-02
7.880000 -3.926875115343779e-02
7.900000 -3.901122637822466e-02
7.920000 -3.877856678558079e-02
7.940000 -3.856947174528284e-02
7.960000 -3.838231250423384e-02
7.980000 -3.821511429933730e-02
8.000000 -3.806553847037147e-02
8.020000 -3.793086457286352e-02
8.040000 -3.780797358924737e-02
8.060000 -3.769335969539298e-02
8.080000 -3.758321451384834e-02
8.100000 -3.747353992245316e-02
8.120000 -3.736026196123602e-02
8.140000 -3.723934473931143e-02
8.160000 -3.710690434177707e-02
8.180000 -3.695932273661095e-02
8.200000 -3.679336168156842e-02
8.220000 -3.660627663107956e-02
8.240000 -3.639592873866709e-02
8.260000 -3.616084734291124e-02
8.280000 -3.590016675780138e-02
8.300000 -3.561351354663445e-02
8.320000 -3.530089189143417e-02
8.340000 -3.496256896237048e-02
8.360000 -3.459896028717867e-02
8.380000 -3.421051512057889e-02
8.400000 -3.379760181369524e-02
8.420000 -3.336039318347531e-02
8.440000 -3.289875372785452e-02
8.460000 -3.241217483029665e-02
8.480000 -3.189983178351908e-02
8.500000 -3.136068880259403e-02
8.520000 -3.079360588379488e-02
8.540000 -3.019744566344263e-02
8.560000 -2.957118027675229e-02
8.580000 -2.891399821667929e-02
8.600000 -2.822541119276586e-02
8.620000 -2.750536098998745e-02
8.640000 -2.675432554656510e-02
8.660000 -2.597340472489277e-02
8.680000 -2.516435453421823e-02
8.700000 -2.432960104643880e-02
8.720000 -2.347225353086327e-02
8.740000 -2.259611758897354e-02
8.760000 -2.170570828918654e-02
8.780000 -2.080626330161593e-02
8.800000 -1.990375603283394e-02
8.820000 -1.900490876063315e-02
8.840000 -1.811720384750296e-02
8.860000 -1.724884500068802e-02
8.880000 -1.640859172741610e-02
8.900000 -1.560554383670797e-02
8.920000 -1.484892401990187e-02
8.940000 -1.414786043117812e-02
8.960000 -1.351116926808353e-02
8.980000 -1.294713735205603e-02
9.000000 -1.246330470894910e-02
9.020000 -1.206624714955639e-02
9.040000 -1.176136087228145e-02
9.060000 -1.155269964158543e-02
9.080000 -1.144294542802432e-02
9.100000 -1.143343162406420e-02
9.120000 -1.152416828204159e-02
9.140000 -1.171386735212392e-02
9.160000 -1.199996792026998e-02
9.180000 -1.237866144619032e-02
9.200000 -1.284491700130770e-02
9.220000 -1.339250650671753e-02
9.240000 -1.401403122872804e-02
9.260000 -1.470098097147312e-02
9.280000 -1.544387626978690e-02
9.300000 -1.623244327915089e-02
9.320000 -1.705578992322101e-02
9.340000 -1.790258204135448e-02
9.360000 -1.876121953613684e-02
9.380000 -1.962001252090884e-02
9.400000 -2.046735746729344e-02
9.420000 -2.129191335272274e-02
9.440000 -2.208277673096595e-02
9.460000 -2.282962880068348e-02
9.480000 -2.352281139204725e-02
9.500000 -2.415337495138728e-02
9.520000 -2.471312544883911e-02
9.540000 -2.519467128599132e-02
9.560000 -2.559147020353303e-02
9.580000 -2.589787618890139e-02
9.600000 -2.610918638392907e-02
9.620000 -2.622168799249178e-02
9.640000 -2.623270619839046e-02
9.660000 -2.614067834933579e-02
9.680000 -2.594529481642331e-02
9.700000 -2.564766611971089e-02
9.720000 -2.525049106403081e-02
9.740000 -2.475822487480191e-02
9.760000 -2.417724733384181e-02
9.780000 -2.351603091517893e-02
9.800000 -2.278530892086471e-02
9.820000 -2.199824361678574e-02
9.840000 -2.117052749178552e-02
9.860000 -2.031874572283683e-02
9.880000 -1.945432477865019e-02
9.900000 -1.857574222933278e-02
9.920000 -1.766066967935707e-02
9.940000 -1.665811570052941e-02
9.960000 -1.548056876495868e-02
9.980000 -1.399614017802484e-02
10.000000 -1.202070701134756e-02
10.020000 -9.310055035754829e-03
