cgsites 1272
cgtypes 2
1
2
moltypes 2
mol 1224 1
sitetypes
1
1
1
1
1
1
1
1
1
1
1
1
1
1
1
1
1
1
1
1
1
1
1
1
1
1
1
1
1
1
1
1
1
1
1
1
1
1
1
1
1
1
1
1
1
1
1
1
1
1
1
1
1
1
1
1
1
1
1
1
1
1
1
1
1
1
1
1
1
1
1
1
1
1
1
1
1
1
1
1
1
1
1
1
1
1
1
1
1
1
1
1
1
1
1
1
1
1
1
1
1
1
1
1
1
1
1
1
1
1
1
1
1
1
1
1
1
1
1
1
1
1
1
1
1
1
1
1
1
1
1
1
1
1
1
1
1
1
1
1
1
1
1
1
1
1
1
1
1
1
1
1
1
1
1
1
1
1
1
1
1
1
1
1
1
1
1
1
1
1
1
1
1
1
1
1
1
1
1
1
1
1
1
1
1
1
1
1
1
1
1
1
1
1
1
1
1
1
1
1
1
1
1
1
1
1
1
1
1
1
1
1
1
1
1
1
1
1
1
1
1
1
1
1
1
1
1
1
1
1
1
1
1
1
1
1
1
1
1
1
1
1
1
1
1
1
1
1
1
1
1
1
1
1
1
1
1
1
1
1
1
1
1
1
1
1
1
1
1
1
1
1
1
1
1
1
1
1
1
1
1
1
1
1
1
1
1
1
1
1
1
1
1
1
1
1
1
1
1
1
1
1
1
1
1
1
1
1
1
1
1
1
1
1
1
1
1
1
1
1
1
1
1
1
1
1
1
1
1
1
1
1
1
1
1
1
1
1
1
1
1
1
1
1
1
1
1
1
1
1
1
1
1
1
1
1
1
1
1
1
1
1
1
1
1
1
1
1
1
1
1
1
1
1
1
1
1
1
1
1
1
1
1
1
1
1
1
1
1
1
1
1
1
1
1
1
1
1
1
1
1
1
1
1
1
1
1
1
1
1
1
1
1
1
1
1
1
1
1
1
1
1
1
1
1
1
1
1
1
1
1
1
1
1
1
1
1
1
1
1
1
1
1
1
1
1
1
1
1
1
1
1
1
1
1
1
1
1
1
1
1
1
1
1
1
1
1
1
1
1
1
1
1
1
1
1
1
1
1
1
1
1
1
1
1
1
1
1
1
1
1
1
1
1
1
1
1
1
1
1
1
1
1
1
1
1
1
1
1
1
1
1
1
1
1
1
1
1
1
1
1
1
1
1
1
1
1
1
1
1
1
1
1
1
1
1
1
1
1
1
1
1
1
1
1
1
1
1
1
1
1
1
1
1
1
1
1
1
1
1
1
1
1
1
1
1
1
1
1
1
1
1
1
1
1
1
1
1
1
1
1
1
1
1
1
1
1
1
1
1
1
1
1
1
1
1
1
1
1
1
1
1
1
1
1
1
1
1
1
1
1
1
1
1
1
1
1
1
1
1
1
1
1
1
1
1
1
1
1
1
1
1
1
1
1
1
1
1
1
1
1
1
1
1
1
1
1
1
1
1
1
1
1
1
1
1
1
1
1
1
1
1
1
1
1
1
1
1
1
1
1
1
1
1
1
1
1
1
1
1
1
1
1
1
1
1
1
1
1
1
1
1
1
1
1
1
1
1
1
1
1
1
1
1
1
1
1
1
1
1
1
1
1
1
1
1
1
1
1
1
1
1
1
1
1
1
1
1
1
1
1
1
1
1
1
1
1
1
1
1
1
1
1
1
1
1
1
1
1
1
1
1
1
1
1
1
1
1
1
1
1
1
1
1
1
1
1
1
1
1
1
1
1
1
1
1
1
1
1
1
1
1
1
1
1
1
1
1
1
1
1
1
1
1
1
1
1
1
1
1
1
1
1
1
1
1
1
1
1
1
1
1
1
1
1
1
1
1
1
1
1
1
1
1
1
1
1
1
1
1
1
1
1
1
1
1
1
1
1
1
1
1
1
1
1
1
1
1
1
1
1
1
1
1
1
1
1
1
1
1
1
1
1
1
1
1
1
1
1
1
1
1
1
1
1
1
1
1
1
1
1
1
1
1
1
1
1
1
1
1
1
1
1
1
1
1
1
1
1
1
1
1
1
1
1
1
1
1
1
1
1
1
1
1
1
1
1
1
1
1
1
1
1
1
1
1
1
1
1
1
1
1
1
1
1
1
1
1
1
1
1
1
1
1
1
1
1
1
1
1
1
1
1
1
1
1
1
1
1
1
1
1
1
1
1
1
1
1
1
1
1
1
1
1
1
1
1
1
1
1
1
1
1
1
1
1
1
1
1
1
1
1
1
1
1
1
1
1
1
1
1
1
1
1
1
1
1
1
1
1
1
1
1
1
1
1
1
1
1
1
1
1
1
1
1
1
1
1
1
1
1
1
1
1
1
1
1
1
1
1
1
1
1
1
1
1
1
1
1
1
1
1
1
1
1
1
1
1
1
1
1
1
1
1
1
1
1
1
1
1
1
1
1
1
1
1
1
1
1
1
1
1
1
1
1
1
1
1
1
1
1
1
1
1
1
1
1
1
1
1
1
1
1
1
1
1
1
1
1
1
1
1
1
1
1
1
1
1
1
1
1
1
1
1
1
1
1
1
1
1
1
1
1
1
1
1
1
1
1
1
1
1
1
1
1
1
1
1
1
1
1
1
1
1
1
1
1
1
1
1
1
1
1
1
1
1
1
1
1
1
1
1
1
1
1
1
1
1
1
1
1
1
1
1
1
1
1
1
1
1
1
1
1
1
1
1
1
1
1
1
1
1
1
1
1
1
1
1
1
1
1
1
1
1
1
1
1
1
1
1
1
1
1
1
bonds 1836
1 24
1 2
2 3
3 4
3 26
4 29
4 5
5 6
6 7
7 8
7 30
8 33
8 9
9 10
10 11
11 12
11 34
12 37
12 13
13 14
14 15
15 16
15 38
16 17
16 41
17 18
18 19
19 20
19 42
20 21
20 45
21 22
22 23
23 24
23 46
24 25
25 48
25 26
26 27
27 28
27 50
28 53
28 29
29 30
30 31
31 32
31 54
32 57
32 33
33 34
34 35
35 36
35 58
36 61
36 37
37 38
38 39
39 40
39 62
40 41
40 65
41 42
42 43
43 44
43 66
44 45
44 69
45 46
46 47
47 48
47 70
48 49
49 50
49 72
50 51
51 74
51 52
52 53
52 77
53 54
54 55
55 56
55 78
56 57
56 81
57 58
58 59
59 60
59 82
60 61
60 85
61 62
62 63
63 64
63 86
64 89
64 65
65 66
66 67
67 90
67 68
68 69
68 93
69 70
70 71
71 94
71 72
72 73
73 74
73 96
74 75
75 98
75 76
76 101
76 77
77 78
78 79
79 80
79 102
80 105
80 81
81 82
82 83
83 84
83 106
84 109
84 85
85 86
86 87
87 88
87 110
88 89
88 113
89 90
90 91
91 114
91 92
92 117
92 93
93 94
94 95
95 118
95 96
96 97
97 98
97 120
98 99
99 100
99 122
100 101
100 125
101 102
102 103
103 104
103 126
104 105
104 129
105 106
106 107
107 108
107 130
108 109
108 133
109 110
110 111
111 112
111 134
112 113
112 137
113 114
114 115
115 116
115 138
116 117
116 141
117 118
118 119
119 120
119 142
120 121
121 144
121 122
122 123
123 124
123 146
124 149
124 125
125 126
126 127
127 128
127 150
128 153
128 129
129 130
130 131
131 132
131 154
132 157
132 133
133 134
134 135
135 136
135 158
136 137
136 161
137 138
138 139
139 140
139 162
140 141
140 165
141 142
142 143
143 144
143 166
144 145
145 168
145 146
146 147
147 148
147 170
148 173
148 149
149 150
150 151
151 152
151 174
152 177
152 153
153 154
154 155
155 156
155 178
156 157
156 181
157 158
158 159
159 160
159 182
160 161
160 185
161 162
162 163
163 164
163 186
164 165
164 189
165 166
166 167
167 168
167 190
168 169
169 170
169 192
170 171
171 194
171 172
172 197
172 173
173 174
174 175
175 176
175 198
176 201
176 177
177 178
178 179
179 180
179 202
180 205
180 181
181 182
182 183
183 184
183 206
184 185
184 209
185 186
186 187
187 210
187 188
188 213
188 189
189 190
190 191
191 214
191 192
192 193
193 194
193 216
194 195
195 218
195 196
196 197
196 221
197 198
198 199
199 200
199 222
200 201
200 225
201 202
202 203
203 204
203 226
204 205
204 229
205 206
206 207
207 208
207 230
208 209
208 233
209 210
210 211
211 234
211 212
212 213
212 237
213 214
214 215
215 238
215 216
216 217
217 218
217 240
218 219
219 220
219 242
220 221
220 245
221 222
222 223
223 224
223 246
224 249
224 225
225 226
226 227
227 228
227 250
228 229
228 253
229 230
230 231
231 232
231 254
232 257
232 233
233 234
234 235
235 236
235 258
236 261
236 237
237 238
238 239
239 240
239 262
240 241
241 264
241 242
242 243
243 244
243 266
244 269
244 245
245 246
246 247
247 248
247 270
248 273
248 249
249 250
250 251
251 252
251 274
252 253
252 277
253 254
254 255
255 256
255 278
256 257
256 281
257 258
258 259
259 260
259 282
260 261
260 285
261 262
262 263
263 264
263 286
264 265
265 288
265 266
266 267
267 268
267 290
268 293
268 269
269 270
270 271
271 272
271 294
272 297
272 273
273 274
274 275
275 276
275 298
276 301
276 277
277 278
278 279
279 280
279 302
280 281
280 305
281 282
282 283
283 284
283 306
284 285
284 309
285 286
286 287
287 288
287 310
288 289
289 290
289 312
290 291
291 314
291 292
292 293
292 317
293 294
294 295
295 296
295 318
296 297
296 321
297 298
298 299
299 300
299 322
300 301
300 325
301 302
302 303
303 304
303 326
304 305
304 329
305 306
306 307
307 330
307 308
308 309
308 333
309 310
310 311
311 334
311 312
312 313
313 314
313 336
314 315
315 338
315 316
316 317
316 341
317 318
318 319
319 320
319 342
320 345
320 321
321 322
322 323
323 324
323 346
324 325
324 349
325 326
326 327
327 328
327 350
328 353
328 329
329 330
330 331
331 354
331 332
332 357
332 333
333 334
334 335
335 358
335 336
336 337
337 338
337 360
338 339
339 340
339 362
340 365
340 341
341 342
342 343
343 344
343 366
344 345
344 369
345 346
346 347
347 348
347 370
348 349
348 373
349 350
350 351
351 352
351 374
352 353
352 377
353 354
354 355
355 356
355 378
356 357
356 381
357 358
358 359
359 360
359 382
360 361
361 384
361 362
362 363
363 364
363 386
364 389
364 365
365 366
366 367
367 368
367 390
368 393
368 369
369 370
370 371
371 372
371 394
372 397
372 373
373 374
374 375
375 376
375 398
376 377
376 401
377 378
378 379
379 380
379 402
380 381
380 405
381 382
382 383
383 384
383 406
384 385
385 408
385 386
386 387
387 388
387 410
388 413
388 389
389 390
390 391
391 392
391 414
392 417
392 393
393 394
394 395
395 396
395 418
396 397
396 421
397 398
398 399
399 400
399 422
400 401
400 425
401 402
402 403
403 404
403 426
404 405
404 429
405 406
406 407
407 408
407 430
408 409
409 410
409 432
410 411
411 434
411 412
412 413
412 437
413 414
414 415
415 416
415 438
416 441
416 417
417 418
418 419
419 420
419 442
420 421
420 445
421 422
422 423
423 424
423 446
424 449
424 425
425 426
426 427
427 450
427 428
428 453
428 429
429 430
430 431
431 454
431 432
432 433
433 434
433 456
434 435
435 458
435 436
436 461
436 437
437 438
438 439
439 440
439 462
440 441
440 465
441 442
442 443
443 444
443 466
444 469
444 445
445 446
446 447
447 448
447 470
448 449
448 473
449 450
450 451
451 474
451 452
452 453
452 477
453 454
454 455
455 478
455 456
456 457
457 458
457 480
458 459
459 460
459 482
460 461
460 485
461 462
462 463
463 464
463 486
464 465
464 489
465 466
466 467
467 468
467 490
468 469
468 493
469 470
470 471
471 472
471 494
472 497
472 473
473 474
474 475
475 476
475 498
476 477
476 501
477 478
478 479
479 480
479 502
480 481
481 504
481 482
482 483
483 484
483 506
484 509
484 485
485 486
486 487
487 488
487 510
488 513
488 489
489 490
490 491
491 492
491 514
492 493
492 517
493 494
494 495
495 496
495 518
496 497
496 521
497 498
498 499
499 500
499 522
500 501
500 525
501 502
502 503
503 504
503 526
504 505
505 528
505 506
506 507
507 508
507 530
508 533
508 509
509 510
510 511
511 512
511 534
512 537
512 513
513 514
514 515
515 516
515 538
516 541
516 517
517 518
518 519
519 520
519 542
520 521
520 545
521 522
522 523
523 524
523 546
524 525
524 549
525 526
526 527
527 528
527 550
528 529
529 530
529 552
530 531
531 554
531 532
532 557
532 533
533 534
534 535
535 536
535 558
536 537
536 561
537 538
538 539
539 540
539 562
540 565
540 541
541 542
542 543
543 544
543 566
544 545
544 569
545 546
546 547
547 570
547 548
548 549
548 573
549 550
550 551
551 574
551 552
552 553
553 554
553 576
554 555
555 578
555 556
556 557
556 581
557 558
558 559
559 560
559 582
560 561
560 585
561 562
562 563
563 564
563 586
564 565
564 589
565 566
566 567
567 568
567 590
568 593
568 569
569 570
570 571
571 594
571 572
572 573
572 597
573 574
574 575
575 598
575 576
576 577
577 578
577 600
578 579
579 580
579 602
580 605
580 581
581 582
582 583
583 584
583 606
584 609
584 585
585 586
586 587
587 588
587 610
588 589
588 613
589 590
590 591
591 592
591 614
592 593
592 617
593 594
594 595
595 596
595 618
596 621
596 597
597 598
598 599
599 600
599 622
600 601
601 624
601 602
602 603
603 604
603 626
604 629
604 605
605 606
606 607
607 608
607 630
608 633
608 609
609 610
610 611
611 612
611 634
612 637
612 613
613 614
614 615
615 616
615 638
616 617
616 641
617 618
618 619
619 620
619 642
620 621
620 645
621 622
622 623
623 624
623 646
624 625
625 648
625 626
626 627
627 628
627 650
628 653
628 629
629 630
630 631
631 632
631 654
632 657
632 633
633 634
634 635
635 636
635 658
636 661
636 637
637 638
638 639
639 640
639 662
640 641
640 665
641 642
642 643
643 644
643 666
644 645
644 669
645 646
646 647
647 648
647 670
648 649
649 650
649 672
650 651
651 674
651 652
652 653
652 677
653 654
654 655
655 656
655 678
656 657
656 681
657 658
658 659
659 660
659 682
660 661
660 685
661 662
662 663
663 664
663 686
664 689
664 665
665 666
666 667
667 690
667 668
668 669
668 693
669 670
670 671
671 694
671 672
672 673
673 674
673 696
674 675
675 698
675 676
676 701
676 677
677 678
678 679
679 680
679 702
680 705
680 681
681 682
682 683
683 684
683 706
684 709
684 685
685 686
686 687
687 688
687 710
688 689
688 713
689 690
690 691
691 714
691 692
692 717
692 693
693 694
694 695
695 718
695 696
696 697
697 698
697 720
698 699
699 700
699 722
700 701
700 725
701 702
702 703
703 704
703 726
704 705
704 729
705 706
706 707
707 708
707 730
708 709
708 733
709 710
710 711
711 712
711 734
712 713
712 737
713 714
714 715
715 716
715 738
716 717
716 741
717 718
718 719
719 720
719 742
720 721
721 744
721 722
722 723
723 724
723 746
724 749
724 725
725 726
726 727
727 728
727 750
728 753
728 729
729 730
730 731
731 732
731 754
732 757
732 733
733 734
734 735
735 736
735 758
736 737
736 761
737 738
738 739
739 740
739 762
740 741
740 765
741 742
742 743
743 744
743 766
744 745
745 768
745 746
746 747
747 748
747 770
748 773
748 749
749 750
750 751
751 752
751 774
752 777
752 753
753 754
754 755
755 756
755 778
756 757
756 781
757 758
758 759
759 760
759 782
760 761
760 785
761 762
762 763
763 764
763 786
764 765
764 789
765 766
766 767
767 768
767 790
768 769
769 770
769 792
770 771
771 794
771 772
772 797
772 773
773 774
774 775
775 776
775 798
776 801
776 777
777 778
778 779
779 780
779 802
780 805
780 781
781 782
782 783
783 784
783 806
784 785
784 809
785 786
786 787
787 810
787 788
788 813
788 789
789 790
790 791
791 814
791 792
792 793
793 794
793 816
794 795
795 818
795 796
796 797
796 821
797 798
798 799
799 800
799 822
800 801
800 825
801 802
802 803
803 804
803 826
804 805
804 829
805 806
806 807
807 808
807 830
808 809
808 833
809 810
810 811
811 834
811 812
812 813
812 837
813 814
814 815
815 838
815 816
816 817
817 818
817 840
818 819
819 820
819 842
820 821
820 845
821 822
822 823
823 824
823 846
824 849
824 825
825 826
826 827
827 828
827 850
828 829
828 853
829 830
830 831
831 832
831 854
832 857
832 833
833 834
834 835
835 836
835 858
836 861
836 837
837 838
838 839
839 840
839 862
840 841
841 864
841 842
842 843
843 844
843 866
844 869
844 845
845 846
846 847
847 848
847 870
848 873
848 849
849 850
850 851
851 852
851 874
852 853
852 877
853 854
854 855
855 856
855 878
856 857
856 881
857 858
858 859
859 860
859 882
860 861
860 885
861 862
862 863
863 864
863 886
864 865
865 888
865 866
866 867
867 868
867 890
868 893
868 869
869 870
870 871
871 872
871 894
872 897
872 873
873 874
874 875
875 876
875 898
876 901
876 877
877 878
878 879
879 880
879 902
880 881
880 905
881 882
882 883
883 884
883 906
884 885
884 909
885 886
886 887
887 888
887 910
888 889
889 890
889 912
890 891
891 914
891 892
892 893
892 917
893 894
894 895
895 896
895 918
896 897
896 921
897 898
898 899
899 900
899 922
900 901
900 925
901 902
902 903
903 904
903 926
904 905
904 929
905 906
906 907
907 930
907 908
908 909
908 933
909 910
910 911
911 934
911 912
912 913
913 914
913 936
914 915
915 938
915 916
916 917
916 941
917 918
918 919
919 920
919 942
920 945
920 921
921 922
922 923
923 924
923 946
924 925
924 949
925 926
926 927
927 928
927 950
928 953
928 929
929 930
930 931
931 954
931 932
932 957
932 933
933 934
934 935
935 958
935 936
936 937
937 938
937 960
938 939
939 940
939 962
940 965
940 941
941 942
942 943
943 944
943 966
944 945
944 969
945 946
946 947
947 948
947 970
948 949
948 973
949 950
950 951
951 952
951 974
952 953
952 977
953 954
954 955
955 956
955 978
956 957
956 981
957 958
958 959
959 960
959 982
960 961
961 984
961 962
962 963
963 964
963 986
964 989
964 965
965 966
966 967
967 968
967 990
968 993
968 969
969 970
970 971
971 972
971 994
972 997
972 973
973 974
974 975
975 976
975 998
976 977
976 1001
977 978
978 979
979 980
979 1002
980 981
980 1005
981 982
982 983
983 984
983 1006
984 985
985 1008
985 986
986 987
987 988
987 1010
988 1013
988 989
989 990
990 991
991 992
991 1014
992 1017
992 993
993 994
994 995
995 996
995 1018
996 997
996 1021
997 998
998 999
999 1000
999 1022
1000 1001
1000 1025
1001 1002
1002 1003
1003 1004
1003 1026
1004 1005
1004 1029
1005 1006
1006 1007
1007 1008
1007 1030
1008 1009
1009 1010
1009 1032
1010 1011
1011 1034
1011 1012
1012 1013
1012 1037
1013 1014
1014 1015
1015 1016
1015 1038
1016 1041
1016 1017
1017 1018
1018 1019
1019 1020
1019 1042
1020 1021
1020 1045
1021 1022
1022 1023
1023 1024
1023 1046
1024 1049
1024 1025
1025 1026
1026 1027
1027 1050
1027 1028
1028 1053
1028 1029
1029 1030
1030 1031
1031 1054
1031 1032
1032 1033
1033 1034
1033 1056
1034 1035
1035 1058
1035 1036
1036 1061
1036 1037
1037 1038
1038 1039
1039 1040
1039 1062
1040 1041
1040 1065
1041 1042
1042 1043
1043 1044
1043 1066
1044 1069
1044 1045
1045 1046
1046 1047
1047 1048
1047 1070
1048 1049
1048 1073
1049 1050
1050 1051
1051 1074
1051 1052
1052 1053
1052 1077
1053 1054
1054 1055
1055 1078
1055 1056
1056 1057
1057 1058
1057 1080
1058 1059
1059 1060
1059 1082
1060 1061
1060 1085
1061 1062
1062 1063
1063 1064
1063 1086
1064 1065
1064 1089
1065 1066
1066 1067
1067 1068
1067 1090
1068 1069
1068 1093
1069 1070
1070 1071
1071 1072
1071 1094
1072 1097
1072 1073
1073 1074
1074 1075
1075 1076
1075 1098
1076 1077
1076 1101
1077 1078
1078 1079
1079 1080
1079 1102
1080 1081
1081 1104
1081 1082
1082 1083
1083 1084
1083 1106
1084 1109
1084 1085
1085 1086
1086 1087
1087 1088
1087 1110
1088 1113
1088 1089
1089 1090
1090 1091
1091 1092
1091 1114
1092 1093
1092 1117
1093 1094
1094 1095
1095 1096
1095 1118
1096 1097
1096 1121
1097 1098
1098 1099
1099 1100
1099 1122
1100 1101
1100 1125
1101 1102
1102 1103
1103 1104
1103 1126
1104 1105
1105 1128
1105 1106
1106 1107
1107 1108
1107 1130
1108 1133
1108 1109
1109 1110
1110 1111
1111 1112
1111 1134
1112 1137
1112 1113
1113 1114
1114 1115
1115 1116
1115 1138
1116 1141
1116 1117
1117 1118
1118 1119
1119 1120
1119 1142
1120 1121
1120 1145
1121 1122
1122 1123
1123 1124
1123 1146
1124 1125
1124 1149
1125 1126
1126 1127
1127 1128
1127 1150
1128 1129
1129 1130
1129 1152
1130 1131
1131 1154
1131 1132
1132 1157
1132 1133
1133 1134
1134 1135
1135 1136
1135 1158
1136 1137
1136 1161
1137 1138
1138 1139
1139 1140
1139 1162
1140 1165
1140 1141
1141 1142
1142 1143
1143 1144
1143 1166
1144 1145
1144 1169
1145 1146
1146 1147
1147 1170
1147 1148
1148 1149
1148 1173
1149 1150
1150 1151
1151 1174
1151 1152
1152 1153
1153 1154
1153 1176
1154 1155
1155 1178
1155 1156
1156 1157
1156 1181
1157 1158
1158 1159
1159 1160
1159 1182
1160 1161
1160 1185
1161 1162
1162 1163
1163 1164
1163 1186
1164 1165
1164 1189
1165 1166
1166 1167
1167 1168
1167 1190
1168 1193
1168 1169
1169 1170
1170 1171
1171 1194
1171 1172
1172 1173
1172 1197
1173 1174
1174 1175
1175 1198
1175 1176
1176 1177
1177 1178
1177 1200
1178 1179
1179 1180
1179 1202
1180 1205
1180 1181
1181 1182
1182 1183
1183 1184
1183 1206
1184 1209
1184 1185
1185 1186
1186 1187
1187 1188
1187 1210
1188 1189
1188 1213
1189 1190
1190 1191
1191 1192
1191 1214
1192 1193
1192 1217
1193 1194
1194 1195
1195 1196
1195 1218
1196 1221
1196 1197
1197 1198
1198 1199
1199 1200
1199 1222
1200 1201
1201 1224
1201 1202
1202 1203
1203 1204
1204 1205
1205 1206
1206 1207
1207 1208
1208 1209
1209 1210
1210 1211
1211 1212
1212 1213
1213 1214
1214 1215
1215 1216
1216 1217
1217 1218
1218 1219
1219 1220
1220 1221
1221 1222
1222 1223
1223 1224
1 1224
2 1203
5 1204
6 1207
9 1208
10 1211
13 1212
14 1215
17 1216
18 1219
21 1220
22 1223
mol 1 3
sitetypes
2
bonds 0
system 1
1 1
2 48
