1.440000 -8.584859145768291e+01
1.460000 -2.939544320495159e+01
1.480000 1.626946022767980e+00
1.500000 1.639848942242376e+01
1.520000 2.167997373704130e+01
1.540000 2.217122683916647e+01
1.560000 2.086928531430800e+01
1.580000 1.942656204438021e+01
1.600000 1.850901379114552e+01
1.620000 1.815430877965717e+01
1.640000 1.812691620543974e+01
1.660000 1.819316575885664e+01
1.680000 1.819315411618286e+01
1.700000 1.803262144786451e+01
1.720000 1.767174985051640e+01
1.740000 1.711396177891964e+01
1.760000 1.639471847801914e+01
1.780000 1.557031841492122e+01
1.800000 1.470669571089113e+01
1.820000 1.386821857335068e+01
1.840000 1.310661249632556e+01
1.860000 1.245312744058924e+01
1.880000 1.191893973149757e+01
1.900000 1.149879793651984e+01
1.920000 1.117479351121964e+01
1.940000 1.092013144523577e+01
1.960000 1.070290090826314e+01
1.980000 1.048984589603365e+01
2.000000 1.025013587629710e+01
2.020000 9.959136434802053e+00
2.040000 9.602127800437735e+00
2.060000 9.176668228561027e+00
2.080000 8.691517408947366e+00
2.100000 8.164204731926787e+00
2.120000 7.618545433680958e+00
2.140000 7.082156741540174e+00
2.160000 6.583974019280391e+00
2.180000 6.151766912420237e+00
2.200000 5.809655493518034e+00
2.220000 5.575626407468810e+00
2.240000 5.459085259888067e+00
2.260000 5.459351325751133e+00
2.280000 5.566544301758151e+00
2.300000 5.763413378954653e+00
2.320000 6.027202558438903e+00
2.340000 6.331515967069194e+00
2.360000 6.648183173171207e+00
2.380000 6.949124502245308e+00
2.400000 7.208216352673884e+00
2.420000 7.403156511428671e+00
2.440000 7.517306394370790e+00
2.460000 7.540933325961325e+00
2.480000 7.470929842090974e+00
2.500000 7.309933032320221e+00
2.520000 7.065420806712261e+00
2.540000 6.748808162665872e+00
2.560000 6.374543451748335e+00
2.580000 5.959204646528325e+00
2.600000 5.520595607408804e+00
2.620000 5.076842349459935e+00
2.640000 4.645495371502996e+00
2.660000 4.242789603720877e+00
2.680000 3.883304463836028e+00
2.700000 3.579781531814986e+00
2.720000 3.342948286823925e+00
2.740000 3.181341844184196e+00
2.760000 3.101132692327882e+00
2.780000 3.105948429753339e+00
2.800000 3.196697501980743e+00
2.820000 3.371392938507641e+00
2.840000 3.624982990278429e+00
2.860000 3.949361180516142e+00
2.880000 4.333831789473941e+00
2.900000 4.765754752548905e+00
2.920000 5.231197458909762e+00
2.940000 5.715586550124613e+00
2.960000 6.204359718788668e+00
2.980000 6.683617507151970e+00
3.000000 7.140775105747119e+00
3.020000 7.565214152017011e+00
3.040000 7.948925323916056e+00
3.060000 8.286911602822581e+00
3.080000 8.576984004702563e+00
3.100000 8.819317980584531e+00
3.120000 9.016000612007979e+00
3.140000 9.170577806471755e+00
3.160000 9.287601492882485e+00
3.180000 9.372176817002964e+00
3.200000 9.429509336900551e+00
3.220000 9.464452218395593e+00
3.240000 9.481058631362655e+00
3.260000 9.482269368205625e+00
3.280000 9.469943718620266e+00
3.300000 9.445025566530616e+00
3.320000 9.407714687878254e+00
3.340000 9.357638048411536e+00
3.360000 9.294021101474847e+00
3.380000 9.215859085797849e+00
3.400000 9.122088323284729e+00
3.420000 9.011757516803442e+00
3.440000 8.884197178034306e+00
3.460000 8.739140436861344e+00
3.480000 8.576720434679862e+00
3.500000 8.397419099246751e+00
3.520000 8.202014049590208e+00
3.540000 7.991525500919368e+00
3.560000 7.767163169533993e+00
3.580000 7.530273177734133e+00
3.600000 7.282284958729793e+00
3.620000 7.024658161550615e+00
3.640000 6.758831071327577e+00
3.660000 6.486208429247630e+00
3.680000 6.208249267062693e+00
3.700000 5.926594141271595e+00
3.720000 5.643193882674034e+00
3.740000 5.360438345924543e+00
3.760000 5.081285159086461e+00
3.780000 4.809388473185896e+00
3.800000 4.549227711765688e+00
3.820000 4.306236320439390e+00
3.840000 4.086924802357503e+00
3.860000 3.898855187393161e+00
3.880000 3.750238371538661e+00
3.900000 3.649382890021409e+00
3.920000 3.604137976332165e+00
3.940000 3.621336621253276e+00
3.960000 3.706238631886916e+00
3.980000 3.861973690683320e+00
4.000000 4.088984414469028e+00
4.020000 4.384469413475121e+00
4.040000 4.741839231442355e+00
4.060000 5.150507193725444e+00
4.080000 5.596530406472149e+00
4.100000 6.063585663801540e+00
4.120000 6.533958236059125e+00
4.140000 6.989530658071993e+00
4.160000 7.412771517403966e+00
4.180000 7.787724242610730e+00
4.200000 8.100995891494978e+00
4.220000 8.342745939361564e+00
4.240000 8.507659184589265e+00
4.260000 8.595505704435409e+00
4.280000 8.610652553739083e+00
4.300000 8.561162513857200e+00
4.320000 8.457876958917209e+00
4.340000 8.313498722069758e+00
4.360000 8.141674961741410e+00
4.380000 7.956080027887341e+00
4.400000 7.769498328244012e+00
4.420000 7.592907194581896e+00
4.440000 7.434572178353621e+00
4.460000 7.299465510624534e+00
4.480000 7.189504902104683e+00
4.500000 7.104115507463156e+00
4.520000 7.040804319037934e+00
4.540000 6.995734560545702e+00
4.560000 6.964300080791699e+00
4.580000 6.941699747379547e+00
4.600000 6.923511840421069e+00
4.620000 6.906268446246147e+00
4.640000 6.888021422497065e+00
4.660000 6.868689219220793e+00
4.680000 6.849847411340519e+00
4.700000 6.834300087125112e+00
4.720000 6.825642808043091e+00
4.740000 6.827825568616612e+00
4.760000 6.844715756275444e+00
4.780000 6.879661111210955e+00
4.800000 6.935052686230090e+00
4.820000 7.011887806609357e+00
4.840000 7.109340536425533e+00
4.860000 7.224527313281486e+00
4.880000 7.352768010496466e+00
4.900000 7.488042167691502e+00
4.920000 7.623452727851513e+00
4.940000 7.751689774387460e+00
4.960000 7.865494268198454e+00
4.980000 7.958121784733887e+00
5.000000 8.023806251055563e+00
5.020000 8.058223682899824e+00
5.040000 8.058948990933821e+00
5.060000 8.025732586059748e+00
5.080000 7.960319551532984e+00
5.100000 7.866088614128250e+00
5.120000 7.747684184499852e+00
5.140000 7.610648397541954e+00
5.160000 7.461053152748845e+00
5.180000 7.305132154575206e+00
5.200000 7.148912952796368e+00
5.220000 6.997848982868597e+00
5.240000 6.856456074724659e+00
5.260000 6.728065140887861e+00
5.280000 6.614869781317463e+00
5.300000 6.518090067572516e+00
5.320000 6.438140795411048e+00
5.340000 6.374799737389226e+00
5.360000 6.327375895460523e+00
5.380000 6.294877753574909e+00
5.400000 6.276181530278000e+00
5.420000 6.270199431310247e+00
5.440000 6.276045760784246e+00
5.460000 6.293147355393992e+00
5.480000 6.321212684782084e+00
5.500000 6.360145274938864e+00
5.520000 6.409954990179688e+00
5.540000 6.470669315122223e+00
5.560000 6.542244636663713e+00
5.580000 6.624477525958284e+00
5.600000 6.716916020394203e+00
5.620000 6.818770905571187e+00
5.640000 6.928828661507253e+00
5.660000 7.045407678814946e+00
5.680000 7.166424314030494e+00
5.700000 7.289502214912309e+00
5.720000 7.412083309969077e+00
5.740000 7.531538797987853e+00
5.760000 7.645280137562145e+00
5.780000 7.750870036620008e+00
5.800000 7.846133441952140e+00
5.820000 7.929268528739960e+00
5.840000 7.998956097382405e+00
5.860000 8.054427560088769e+00
5.880000 8.095427809185356e+00
5.900000 8.122136675188225e+00
5.920000 8.135088792174589e+00
5.940000 8.135093463154231e+00
5.960000 8.123154525440926e+00
5.980000 8.100390216023861e+00
6.000000 8.067953036939038e+00
6.020000 8.026949620640698e+00
6.040000 7.978361527532448e+00
6.060000 7.922990279650813e+00
6.080000 7.861463916889586e+00
6.100000 7.794267789376604e+00
6.120000 7.721776282010239e+00
6.140000 7.644284538995886e+00
6.160000 7.562040188382452e+00
6.180000 7.475275066598842e+00
6.200000 7.384236942990448e+00
6.220000 7.289221244355641e+00
6.240000 7.190602467461006e+00
6.260000 7.088857479004262e+00
6.280000 6.984568222175054e+00
6.300000 6.878416310663440e+00
6.320000 6.771177310647105e+00
6.340000 6.663715022778590e+00
6.360000 6.556975764172531e+00
6.380000 6.451982650392862e+00
6.400000 6.349829877440065e+00
6.420000 6.251677003738383e+00
6.440000 6.158742782437942e+00
6.460000 6.072287301904197e+00
6.480000 5.993564446990536e+00
6.500000 5.923762668498222e+00
6.520000 5.863945302951206e+00
6.540000 5.814990892370949e+00
6.560000 5.777533504051267e+00
6.580000 5.751903050333135e+00
6.600000 5.738065608379522e+00
6.620000 5.735563739950216e+00
6.640000 5.743458232454930e+00
6.660000 5.760306793241965e+00
6.680000 5.784236548253956e+00
6.700000 5.813053493919166e+00
6.720000 5.844353370321077e+00
6.740000 5.875632534367958e+00
6.760000 5.904398832962468e+00
6.780000 5.928282476171222e+00
6.800000 5.945146910394371e+00
6.820000 5.953199691535201e+00
6.840000 5.951102001025422e+00
6.860000 5.938042876099288e+00
6.880000 5.913723868545430e+00
6.900000 5.878308417707511e+00
6.920000 5.832369866340587e+00
6.940000 5.776839476467472e+00
6.960000 5.712954445235115e+00
6.980000 5.642205920770968e+00
7.000000 5.566287018039349e+00
7.020000 5.487040834697805e+00
7.040000 5.406408480357238e+00
7.060000 5.326377454339380e+00
7.080000 5.248930908081419e+00
7.100000 5.175997256038007e+00
7.120000 5.109399799987004e+00
7.140000 5.050806353335222e+00
7.160000 5.001678865424170e+00
7.180000 4.963223045835798e+00
7.200000 4.936337988698245e+00
7.220000 4.921565796991580e+00
7.240000 4.919042143936014e+00
7.260000 4.928471198524170e+00
7.280000 4.949162398495973e+00
7.300000 4.980091587457602e+00
7.320000 5.019963089082913e+00
7.340000 5.067271781314851e+00
7.360000 5.120365170566864e+00
7.380000 5.177505465924335e+00
7.400000 5.236931653345975e+00
7.420000 5.296921569865263e+00
7.440000 5.355853458045983e+00
7.460000 5.412254007045183e+00
7.480000 5.464812090448742e+00
7.500000 5.512378990714388e+00
7.520000 5.553968103868794e+00
7.540000 5.588754644204711e+00
7.560000 5.616075348978090e+00
7.580000 5.635428183105190e+00
7.600000 5.646472043859713e+00
7.620000 5.649026465569915e+00
7.640000 5.643071205817396e+00
7.660000 5.628742750679160e+00
7.680000 5.606322999079572e+00
7.700000 5.576224866185568e+00
7.720000 5.538977768303552e+00
7.740000 5.495213107776283e+00
7.760000 5.445649757879763e+00
7.780000 5.391079547720135e+00
7.800000 5.332352747130564e+00
7.820000 5.270363551568126e+00
7.840000 5.206035620436713e+00
7.860000 5.140309004486155e+00
7.880000 5.074130599327916e+00
7.900000 5.008445988027028e+00
7.920000 4.944191337120024e+00
7.940000 4.882285292632869e+00
7.960000 4.823620876098905e+00
7.980000 4.769057380576774e+00
8.000000 4.719412266668374e+00
8.020000 4.675453058536768e+00
8.040000 4.637889165785936e+00
8.060000 4.607361777746997e+00
8.080000 4.584428864642575e+00
8.100000 4.569548251157649e+00
8.120000 4.563060615872214e+00
8.140000 4.565172490693937e+00
8.160000 4.575939260290806e+00
8.180000 4.595248161523789e+00
8.200000 4.622801282879490e+00
8.220000 4.658098563902801e+00
8.240000 4.700421347600811e+00
8.260000 4.748830310099352e+00
8.280000 4.802199886402367e+00
8.300000 4.859267073403919e+00
8.320000 4.918680785871460e+00
8.340000 4.979051212429070e+00
8.360000 5.038999171540742e+00
8.380000 5.097205467493636e+00
8.400000 5.152460246381326e+00
8.420000 5.203712352087081e+00
8.440000 5.250117992346627e+00
8.460000 5.291071466878280e+00
8.480000 5.326190360760961e+00
8.500000 5.355282799879580e+00
8.520000 5.378314016449919e+00
8.540000 5.395372914543514e+00
8.560000 5.406638635612551e+00
8.580000 5.412347124014754e+00
8.600000 5.412757692538263e+00
8.620000 5.408119587926532e+00
8.640000 5.398638845501430e+00
8.660000 5.384452660340040e+00
8.680000 5.365622838933885e+00
8.700000 5.342136767401848e+00
8.720000 5.313908668801322e+00
8.740000 5.280780860439341e+00
8.760000 5.242525011183709e+00
8.780000 5.198843398774160e+00
8.800000 5.149370167133481e+00
8.820000 5.093672583678661e+00
8.840000 5.031252620021854e+00
8.860000 4.961556940807061e+00
8.880000 4.884008236275876e+00
8.900000 4.798044962968931e+00
8.920000 4.703161407817191e+00
8.940000 4.598947752233226e+00
8.960000 4.485130136202504e+00
8.980000 4.361610722374674e+00
9.000000 4.228507760154836e+00
9.020000 4.086195649794846e+00
9.040000 3.935344135584362e+00
9.060000 3.776934855636071e+00
9.080000 3.612220412256107e+00
9.100000 3.442660798908624e+00
9.120000 3.269858956280161e+00
9.140000 3.095496328343990e+00
9.160000 2.921268418424473e+00
9.180000 2.748820345261419e+00
9.200000 2.579682399074436e+00
9.220000 2.415205597627289e+00
9.240000 2.256498078080617e+00
9.260000 2.104383219342068e+00
9.280000 1.959412926448332e+00
9.300000 1.821902645444609e+00
9.320000 1.691967214052411e+00
9.340000 1.569556712337395e+00
9.360000 1.454492313377171e+00
9.380000 1.346502133929126e+00
9.400000 1.245257085098236e+00
9.420000 1.150406723004892e+00
9.440000 1.061614784657317e+00
9.460000 9.785865391437621e-01
9.480000 9.010753623287248e-01
9.500000 8.288811268689321e-01
9.520000 7.618482774339334e-01
9.540000 6.998639059266916e-01
9.560000 6.428558267041758e-01
9.580000 5.907906517979528e-01
9.600000 5.436718661347774e-01
9.620000 5.015379027571866e-01
9.640000 4.644600346137545e-01
9.660000 4.325354971606465e-01
9.680000 4.058685045610795e-01
9.700000 3.845464966960753e-01
9.720000 3.686162027448849e-01
9.740000 3.580597047654067e-01
9.760000 3.527705012746090e-01
9.780000 3.525295708289505e-01
9.800000 3.569814356048012e-01
9.820000 3.656102249788635e-01
9.840000 3.777202054280723e-01
9.860000 3.925324347359410e-01
9.880000 4.095761932845078e-01
9.900000 4.291965396527322e-01
9.920000 4.530663325343692e-01
9.940000 4.846982526558448e-01
9.960000 5.299568246941304e-01
9.980000 5.975704391946182e-01
10.000000 6.996433744889952e-01
10.020000 8.521678186131190e-01
