short_range 1 0.02
1 1
2.26 9.00
543.936909
424.348134
331.688694
259.735683
203.740351
160.070455
125.941398
92.105842
81.370912
70.038656
58.885625
48.457804
39.108626
31.027881
24.270626
18.786084
14.446559
11.076339
8.480600
6.474041
4.902332
3.645327
2.613106
1.741733
0.989013
0.330255
-0.245971
-0.742071
-1.155670
-1.483812
-1.726126
-1.885367
-1.966929
-1.978311
-1.928586
-1.827868
-1.686786
-1.515949
-1.325416
-1.124170
-0.919738
-0.718183
-0.524236
-0.341435
-0.172273
-0.018331
0.119578
0.241269
0.347044
0.437550
0.513668
0.576443
0.627053
0.666762
0.696889
0.718765
0.733696
0.742925
0.747592
0.748698
0.747076
0.743400
0.738198
0.731870
0.724708
0.716911
0.708601
0.699845
0.690667
0.681067
0.671038
0.660568
0.649641
0.638243
0.626363
0.613993
0.601133
0.587788
0.573978
0.559734
0.545098
0.530127
0.514879
0.499417
0.483799
0.468079
0.452297
0.436476
0.420621
0.404712
0.388702
0.372522
0.356090
0.339315
0.322108
0.304386
0.286081
0.267150
0.247575
0.227378
0.206621
0.185400
0.163840
0.142084
0.120284
0.098595
0.077165
0.056124
0.035582
0.015614
-0.003742
-0.022483
-0.040628
-0.058217
-0.075302
-0.091935
-0.108166
-0.124032
-0.139552
-0.154715
-0.169483
-0.183790
-0.197558
-0.210703
-0.223146
-0.234822
-0.245694
-0.255757
-0.265052
-0.273674
-0.281777
-0.289556
-0.297228
-0.305010
-0.313099
-0.321646
-0.330739
-0.340380
-0.350460
-0.360744
-0.370858
-0.380316
-0.388553
-0.394967
-0.398951
-0.399936
-0.397422
-0.391023
-0.380496
-0.365783
-0.347031
-0.324572
-0.298889
-0.270582
-0.240334
-0.208872
-0.176937
-0.145244
-0.114453
-0.085128
-0.057717
-0.032551
-0.009856
0.010238
0.027683
0.042504
0.054787
0.064667
0.072318
0.077943
0.081760
0.083998
0.084891
0.084674
0.083572
0.081800
0.079556
0.077011
0.074311
0.071565
0.068843
0.066184
0.063597
0.061070
0.058579
0.056087
0.053558
0.050961
0.048272
0.045490
0.042629
0.039726
0.036830
0.033999
0.031296
0.028781
0.026509
0.024524
0.022855
0.021508
0.020467
0.019696
0.019141
0.018740
0.018424
0.018123
0.017774
0.017322
0.016727
0.015970
0.015054
0.014001
0.012851
0.011652
0.010459
0.009329
0.008312
0.007451
0.006775
0.006296
0.006003
0.005866
0.005843
0.005882
0.005928
0.005925
0.005825
0.005588
0.005189
0.004626
0.003916
0.003098
0.002224
0.001355
0.000559
-0.000101
-0.000565
-0.000786
-0.000733
-0.000397
0.000206
0.001041
0.002054
0.003181
0.004351
0.005493
0.006541
0.007437
0.008141
0.008629
0.008903
0.008985
0.008912
0.008735
0.008510
0.008295
0.008147
0.008117
0.008241
0.008543
0.009027
0.009678
0.010468
0.011360
0.012308
0.013263
0.014174
0.014994
0.015681
0.016204
0.016542
0.016687
0.016638
0.016402
0.015995
0.015434
0.014741
0.013938
0.013047
0.012088
0.011076
0.010025
0.008946
0.007845
0.006730
0.005606
0.004477
0.003348
0.002225
0.001114
0.000022
-0.001042
-0.002067
-0.003045
-0.003966
-0.004823
-0.005608
-0.006317
-0.006948
-0.007502
-0.007983
-0.008398
-0.008756
-0.009068
-0.009346
-0.009599
-0.009840
-0.010077
-0.010316
-0.010561
-0.010812
-0.011068
-0.011321
-0.011564
-0.011788
-0.011983
-0.012137
-0.012240
-0.012281
-0.012250
-0.012139
-0.011943
-0.011655
-0.011273
-0.010796
-0.010224
-0.009559
-0.008806
-0.007971
-0.007064
-0.006104
-0.005148
-0.004329
-0.003890
-0.004218
-0.005884
-0.009676
-0.016638
bond 0 0.0
angle 0 0.0
dihedral 0 0.0
