2.220000 2.418025491455060e+02
2.240000 1.378320945173861e+02
2.260000 7.421382097608662e+01
2.280000 3.817836180512059e+01
2.300000 1.988885367538154e+01
2.320000 1.206672241616476e+01
2.340000 9.617468786188807e+00
2.360000 9.256454244616833e+00
2.380000 9.134686722078030e+00
2.400000 8.464606391689015e+00
2.420000 7.145871440075262e+00
2.440000 5.394311060670378e+00
2.460000 3.453226226241065e+00
2.480000 1.513727131753889e+00
2.500000 -2.825815835323013e-01
2.520000 -1.837748391696087e+00
2.540000 -3.091622431783184e+00
2.560000 -4.016001065436133e+00
2.580000 -4.608777432524008e+00
2.600000 -4.888088006772122e+00
2.620000 -4.886460151391722e+00
2.640000 -4.644997829189423e+00
2.660000 -4.208559329149681e+00
2.680000 -3.623453188679592e+00
2.700000 -2.936126132326719e+00
2.720000 -2.191889164976663e+00
2.740000 -1.433643665050627e+00
2.760000 -7.006074777029796e-01
2.780000 -2.704100801881798e-02
2.800000 5.590266857884565e-01
2.820000 1.037071799179586e+00
2.840000 1.395325196471971e+00
2.860000 1.631385043904609e+00
2.880000 1.751212995789117e+00
2.900000 1.767493598543164e+00
2.920000 1.697969203103993e+00
2.940000 1.563774877341945e+00
2.960000 1.387773318473978e+00
2.980000 1.192889765477195e+00
3.000000 1.000446911502363e+00
3.020000 8.284998162874359e-01
3.040000 6.901932569475870e-01
3.060000 5.927024765544413e-01
3.080000 5.376548655648203e-01
3.100000 5.221350410386939e-01
3.120000 5.397123642336349e-01
3.140000 5.814684581992767e-01
3.160000 6.370247253717692e-01
3.180000 6.955698651682385e-01
3.200000 7.468873915812388e-01
3.220000 7.823831507732137e-01
3.240000 7.960992876042716e-01
3.260000 7.853758844263363e-01
3.280000 7.506182294765369e-01
3.300000 6.947117575369717e-01
3.320000 6.224234395277919e-01
3.340000 5.398031721002855e-01
3.360000 4.535851672299601e-01
3.380000 3.705893418096279e-01
3.400000 2.971227072424895e-01
3.420000 2.383807590352172e-01
3.440000 1.978569638830704e-01
3.460000 1.769627815477987e-01
3.480000 1.751821212095524e-01
3.500000 1.904363326115825e-01
3.520000 2.194572946969707e-01
3.540000 2.581605042453597e-01
3.560000 3.020181645096834e-01
3.580000 3.464322738528981e-01
3.600000 3.871077143847107e-01
3.620000 4.204253405983114e-01
3.640000 4.438101187054544e-01
3.660000 4.559705841287091e-01
3.680000 4.568116450849740e-01
3.700000 4.472187043261633e-01
3.720000 4.288368315782400e-01
3.740000 4.038499359802534e-01
3.760000 3.747599385233727e-01
3.780000 3.441659444899248e-01
3.800000 3.145434158924287e-01
3.820000 2.880233439126318e-01
3.840000 2.661742585554220e-01
3.860000 2.498580058895307e-01
3.880000 2.392727814700901e-01
3.900000 2.340699313479815e-01
3.920000 2.334735902940595e-01
3.940000 2.364003200233768e-01
3.960000 2.415787474194089e-01
3.980000 2.476692027582788e-01
4.000000 2.533833579329812e-01
4.020000 2.576038646776079e-01
4.040000 2.595024716200353e-01
4.060000 2.586185908746689e-01
4.080000 2.548374673137905e-01
4.100000 2.483287973789611e-01
4.120000 2.394838267208871e-01
4.140000 2.288524478392877e-01
4.160000 2.170802977227608e-01
4.180000 2.048458554886505e-01
4.200000 1.927975400229128e-01
4.220000 1.814908076199831e-01
4.240000 1.713260625140782e-01
4.260000 1.625077025878464e-01
4.280000 1.550568159158160e-01
4.300000 1.488450124851910e-01
4.320000 1.436290688080828e-01
4.340000 1.390855725337419e-01
4.360000 1.348455670607896e-01
4.380000 1.305291961494497e-01
4.400000 1.257803485337801e-01
4.420000 1.203013025339048e-01
4.440000 1.138869017326995e-01
4.460000 1.064465383282907e-01
4.480000 9.799518674053928e-02
4.500000 8.863224489333744e-02
4.520000 7.851990656135968e-02
4.540000 6.786153371681349e-02
4.560000 5.688002887619072e-02
4.580000 4.579620744701825e-02
4.600000 3.480717007460891e-02
4.620000 2.406467498881272e-02
4.640000 1.365382797430221e-02
4.660000 3.580030552759002e-03
4.680000 -6.223108681653058e-03
4.700000 -1.587760451491398e-02
4.720000 -2.554460794223890e-02
4.740000 -3.540791899716950e-02
4.760000 -4.565749958066534e-02
4.780000 -5.647298629019530e-02
4.800000 -6.800720324882878e-02
4.820000 -8.036967493432721e-02
4.840000 -9.361033153844950e-02
4.860000 -1.077082201118245e-01
4.880000 -1.225729227029549e-01
4.900000 -1.380509802827887e-01
4.920000 -1.539325091995041e-01
4.940000 -1.699578176332947e-01
4.960000 -1.858240220511549e-01
4.980000 -2.011916636616652e-01
5.000000 -2.156913248697766e-01
5.020000 -2.289302457315971e-01
5.040000 -2.404990424852511e-01
5.060000 -2.499810800597079e-01
5.080000 -2.569685816045975e-01
5.100000 -2.610813919979962e-01
5.120000 -2.619858434302848e-01
5.140000 -2.594136209880082e-01
5.160000 -2.531806282377350e-01
5.180000 -2.432058528099173e-01
5.200000 -2.295302319827489e-01
5.220000 -2.123355182660258e-01
5.240000 -1.919626601507958e-01
5.260000 -1.689175771695677e-01
5.280000 -1.438449358987066e-01
5.300000 -1.174893202713900e-01
5.320000 -9.065591705635241e-02
5.340000 -6.417120133663119e-02
5.360000 -3.884362198831224e-02
5.380000 -1.542428715927530e-02
5.400000 5.432350252060255e-03
5.420000 2.320780711798997e-02
5.440000 3.755830859750015e-02
5.460000 4.833855051499659e-02
5.480000 5.558744539063819e-02
5.500000 5.949889233342340e-02
5.520000 6.039197092899801e-02
5.540000 5.868113512746297e-02
5.560000 5.484640713118223e-02
5.580000 4.940357128259064e-02
5.600000 4.287436795200156e-02
5.620000 3.575668742541488e-02
5.640000 2.849505748639530e-02
5.660000 2.145876704378546e-02
5.680000 1.493937356807669e-02
5.700000 9.155846573614361e-03
5.720000 4.260004794874032e-03
5.740000 3.419533627374171e-04
5.760000 -2.564479019231542e-03
5.780000 -4.476302898510647e-03
5.800000 -5.455930897343380e-03
5.820000 -5.605740536462897e-03
5.840000 -5.062605516313744e-03
5.860000 -3.991606893215707e-03
5.880000 -2.577662450380673e-03
5.900000 -1.016335963871670e-03
5.920000 4.953850739404226e-04
5.940000 1.768311730920078e-03
5.960000 2.630275911710377e-03
5.980000 2.935352634276224e-03
6.000000 2.573082306447602e-03
6.020000 1.477693002462811e-03
6.040000 -3.628519951227497e-04
6.060000 -2.902349754023155e-03
6.080000 -6.043385736681563e-03
6.100000 -9.648904945225191e-03
6.120000 -1.355395780105478e-02
6.140000 -1.757744602443406e-02
6.160000 -2.153386851407917e-02
6.180000 -2.524506722674816e-02
6.200000 -2.855197305683036e-02
6.220000 -3.132635171593595e-02
6.240000 -3.348238190372604e-02
6.260000 -3.498387305100208e-02
6.280000 -3.584041428468364e-02
6.300000 -3.609916296504555e-02
6.320000 -3.583646551419553e-02
6.340000 -3.514947824455193e-02
6.360000 -3.414778818732141e-02
6.380000 -3.294503392097677e-02
6.400000 -3.165052639973456e-02
6.420000 -3.036086978203292e-02
6.440000 -2.915168492108965e-02
6.460000 -2.807200206955299e-02
6.480000 -2.714542928146393e-02
6.500000 -2.637399002831108e-02
6.520000 -2.574206347716594e-02
6.540000 -2.522032476881836e-02
6.560000 -2.476968529591176e-02
6.580000 -2.434523298107851e-02
6.600000 -2.390017255507525e-02
6.620000 -2.338976583491827e-02
6.640000 -2.277523696001880e-02
6.660000 -2.202676653632025e-02
6.680000 -2.112417300843937e-02
6.700000 -2.005668293980942e-02
6.720000 -1.882266625082308e-02
6.740000 -1.742937145697566e-02
6.760000 -1.589266090700808e-02
6.780000 -1.423674602104997e-02
6.800000 -1.249392252876275e-02
6.820000 -1.070430570748267e-02
6.840000 -8.915536982999524e-03
6.860000 -7.181745958862002e-03
6.880000 -5.560622379635070e-03
6.900000 -4.109743522684035e-03
6.920000 -2.882872952594196e-03
6.940000 -1.926259275590542e-03
6.960000 -1.274934893957382e-03
6.980000 -9.490147604580454e-04
7.000000 -9.499951327545323e-04
7.020000 -1.257052327827199e-03
7.040000 -1.823435142536853e-03
7.060000 -2.575292593890624e-03
7.080000 -3.416683624709585e-03
7.100000 -4.237022129000161e-03
7.120000 -4.918615643467979e-03
7.140000 -5.344204039031708e-03
7.160000 -5.404498212336917e-03
7.180000 -5.005718777269940e-03
7.200000 -4.077134756471693e-03
7.220000 -2.578602272851554e-03
7.240000 -5.079701508539293e-04
7.260000 2.094974828704394e-03
7.280000 5.153346630117274e-03
7.300000 8.561459010701464e-03
7.320000 1.219325765895621e-02
7.340000 1.591075233272279e-02
7.360000 1.957244899734410e-02
7.380000 2.304178196382417e-02
7.400000 2.619554602698779e-02
7.420000 2.893232860364003e-02
7.440000 3.118082522325944e-02
7.460000 3.290512218456623e-02
7.480000 3.410228047931128e-02
7.500000 3.479688688194003e-02
7.520000 3.503548839179003e-02
7.540000 3.488102667528852e-02
7.560000 3.440727250814994e-02
7.580000 3.369326021757354e-02
7.600000 3.281772212444087e-02
7.620000 3.185352298551335e-02
7.640000 3.086215864718111e-02
7.660000 2.988992419954350e-02
7.680000 2.896832009287074e-02
7.700000 2.811612775439728e-02
7.720000 2.734154941666646e-02
7.740000 2.664434794587517e-02
7.760000 2.601798667021846e-02
7.780000 2.545176920823424e-02
7.800000 2.493297929714788e-02
7.820000 2.444902062121690e-02
7.840000 2.398952990389016e-02
7.860000 2.354779485914686e-02
7.880000 2.312040755459930e-02
7.900000 2.270622263377532e-02
7.920000 2.230528880221536e-02
7.940000 2.191778031356954e-02
7.960000 2.154292845569468e-02
7.980000 2.117795303675144e-02
8.000000 2.081699387130123e-02
8.020000 2.045004226640343e-02
8.040000 2.006190342015073e-02
8.060000 1.963196254360242e-02
8.080000 1.913599120365057e-02
8.100000 1.854875738928408e-02
8.120000 1.784666649029111e-02
8.140000 1.701040227596149e-02
8.160000 1.602756787378912e-02
8.180000 1.489532674817439e-02
8.200000 1.362304367912663e-02
8.220000 1.223492574096648e-02
8.240000 1.077258285442616e-02
8.260000 9.295497247093307e-03
8.280000 7.876184758111485e-03
8.300000 6.593265051224323e-03
8.320000 5.524451401217387e-03
8.340000 4.739540480360124e-03
8.360000 4.293402144847769e-03
8.380000 4.218969221243271e-03
8.400000 4.520227292919182e-03
8.420000 5.165204486499611e-03
8.440000 6.079153865463370e-03
8.460000 7.142743609940003e-03
8.480000 8.202959269149277e-03
8.500000 9.089013800033614e-03
8.520000 9.628450213051757e-03
8.540000 9.663244217972489e-03
8.560000 9.065906869668289e-03
8.580000 7.755587213909077e-03
8.600000 5.714174933155841e-03
8.620000 3.002402992354390e-03
8.640000 -2.245810994966561e-04
8.660000 -3.715460017645156e-03
8.680000 -7.156062708779059e-03
8.700000 -1.021649646808759e-02
8.720000 -1.259881040054823e-02
8.740000 -1.408465888221351e-02
8.760000 -1.458296502149796e-02
8.780000 -1.417758412046499e-02
8.800000 -1.317496713611380e-02
8.820000 -1.215182414166625e-02
8.840000 -1.199715312572209e-02
8.860000 -1.380776757598746e-02
8.880000 -1.841193636230157e-02
8.900000 -2.574652240423379e-02
8.920000 -3.422848667654882e-02
8.940000 -4.012639221467180e-02
8.960000 -3.693190812015347e-02
8.980000 -1.473131356613536e-02
9.000000 4.042299819718519e-02
9.020000 1.471410158370897e-01
